0
1251
1255
1259
1263
1267
1271
1275
1279
1507
1511
1515
1519
1523
1527
1531
1535
1763
1767
1771
1775
1779
1783
1787
1791
2019
2023
2027
2031
2035
2039
2043
2047
3299
3303
3307
3311
3315
3319
3323
3327
3555
3559
3563
3567
3571
3575
3579
3583
3811
3815
3819
3823
3827
3831
3835
3839
4067
4071
4075
4079
4083
4087
4091
4095
5347
5351
5355
5359
5361
5363
5365
5367
5369
5371
5373
5375
5603
5607
5611
5615
5617
5619
5621
5623
5625
5627
5629
5631
5859
5863
5867
5871
5873
5875
5877
5879
5881
5883
5885
5887
6115
6119
6123
6127
6129
6131
6133
6135
6137
6139
6141
6143
7395
7399
7403
7407
7409
7411
7413
7415
7417
7419
7421
7423
7651
7655
7659
7663
7665
7667
7669
7671
7673
7675
7677
7679
7907
7911
7915
7919
7921
7923
7925
7927
7929
7931
7933
7935
8163
8167
8171
8175
8177
8179
8181
8183
8185
8187
8189
8191
8419
8423
8427
8431
8435
8439
8443
8447
8675
8679
8683
8687
8691
8695
8699
8703
8931
8935
8939
8943
8947
8951
8955
8959
9187
9191
9195
9199
9203
9207
9211
9215
9315
9319
9323
9327
9331
9335
9339
9343
9443
9447
9451
9455
9459
9463
9467
9471
9571
9575
9579
9583
9587
9591
9595
9599
9699
9703
9707
9711
9715
9719
9723
9727
9827
9831
9835
9839
9843
9847
9851
9855
9955
9959
9963
9967
9971
9975
9979
9983
10083
10087
10091
10095
10099
10103
10107
10111
10211
10215
10219
10223
10227
10231
10235
10239
10403
10407
10411
10415
10419
10423
10427
10431
10467
10471
10475
10479
10483
10487
10491
10495
10659
10663
10667
10671
10675
10679
10683
10687
10723
10727
10731
10735
10739
10743
10747
10751
10915
10919
10923
10927
10931
10935
10939
10943
10979
10983
10987
10991
10995
10999
11003
11007
11171
11175
11179
11183
11187
11191
11195
11199
11235
11239
11243
11247
11251
11255
11259
11263
11299
11303
11307
11311
11315
11319
11323
11327
11363
11367
11371
11375
11379
11383
11387
11391
11427
11431
11435
11439
11443
11447
11451
11455
11491
11495
11499
11503
11507
11511
11515
11519
11555
11559
11563
11567
11571
11575
11579
11583
11619
11623
11627
11631
11635
11639
11643
11647
11683
11687
11691
11695
11699
11703
11707
11711
11747
11751
11755
11759
11763
11767
11771
11775
11811
11815
11819
11823
11827
11831
11835
11839
11875
11879
11883
11887
11891
11895
11899
11903
11939
11943
11947
11951
11955
11959
11963
11967
12003
12007
12011
12015
12019
12023
12027
12031
12067
12071
12075
12079
12083
12087
12091
12095
12131
12135
12139
12143
12147
12151
12155
12159
12195
12199
12203
12207
12211
12215
12219
12223
12259
12263
12267
12271
12275
12279
12283
12287
12515
12519
12523
12527
12529
12531
12533
12535
12537
12539
12541
12543
12771
12775
12779
12783
12785
12787
12789
12791
12793
12795
12797
12799
13027
13031
13035
13039
13041
13043
13045
13047
13049
13051
13053
13055
13283
13287
13291
13295
13297
13299
13301
13303
13305
13307
13309
13311
13411
13415
13419
13423
13425
13427
13429
13431
13433
13435
13437
13439
13539
13543
13547
13551
13553
13555
13557
13559
13561
13563
13565
13567
13667
13671
13675
13679
13681
13683
13685
13687
13689
13691
13693
13695
13795
13799
13803
13807
13809
13811
13813
13815
13817
13819
13821
13823
13923
13927
13931
13935
13937
13939
13941
13943
13945
13947
13949
13951
14051
14055
14059
14063
14065
14067
14069
14071
14073
14075
14077
14079
14179
14183
14187
14191
14193
14195
14197
14199
14201
14203
14205
14207
14307
14311
14315
14319
14321
14323
14325
14327
14329
14331
14333
14335
14499
14503
14507
14511
14513
14515
14517
14519
14521
14523
14525
14527
14563
14567
14571
14575
14577
14579
14581
14583
14585
14587
14589
14591
14755
14759
14763
14767
14769
14771
14773
14775
14777
14779
14781
14783
14819
14823
14827
14831
14833
14835
14837
14839
14841
14843
14845
14847
15011
15015
15019
15023
15025
15027
15029
15031
15033
15035
15037
15039
15075
15079
15083
15087
15089
15091
15093
15095
15097
15099
15101
15103
15267
15271
15275
15279
15281
15283
15285
15287
15289
15291
15293
15295
15331
15335
15339
15343
15345
15347
15349
15351
15353
15355
15357
15359
15395
15399
15403
15407
15409
15411
15413
15415
15417
15419
15421
15423
15459
15463
15467
15471
15473
15475
15477
15479
15481
15483
15485
15487
15523
15527
15531
15535
15537
15539
15541
15543
15545
15547
15549
15551
15587
15591
15595
15599
15601
15603
15605
15607
15609
15611
15613
15615
15651
15655
15659
15663
15665
15667
15669
15671
15673
15675
15677
15679
15715
15719
15723
15727
15729
15731
15733
15735
15737
15739
15741
15743
15779
15783
15787
15791
15793
15795
15797
15799
15801
15803
15805
15807
15843
15847
15851
15855
15857
15859
15861
15863
15865
15867
15869
15871
15907
15911
15915
15919
15921
15923
15925
15927
15929
15931
15933
15935
15971
15975
15979
15983
15985
15987
15989
15991
15993
15995
15997
15999
16035
16039
16043
16047
16049
16051
16053
16055
16057
16059
16061
16063
16099
16103
16107
16111
16113
16115
16117
16119
16121
16123
16125
16127
16163
16167
16171
16175
16177
16179
16181
16183
16185
16187
16189
16191
16227
16231
16235
16239
16241
16243
16245
16247
16249
16251
16253
16255
16291
16295
16299
16303
16305
16307
16309
16311
16313
16315
16317
16319
16355
16359
16363
16367
16369
16371
16373
16375
16377
16379
16381
16383
17635
17639
17643
17647
17651
17655
17659
17663
17891
17895
17899
17903
17907
17911
17915
17919
18147
18151
18155
18159
18163
18167
18171
18175
18403
18407
18411
18415
18419
18423
18427
18431
19683
19687
19691
19695
19699
19703
19707
19711
19939
19943
19947
19951
19955
19959
19963
19967
20195
20199
20203
20207
20211
20215
20219
20223
20451
20455
20459
20463
20467
20471
20475
20479
21731
21735
21739
21743
21745
21747
21749
21751
21753
21755
21757
21759
21987
21991
21995
21999
22001
22003
22005
22007
22009
22011
22013
22015
22243
22247
22251
22255
22257
22259
22261
22263
22265
22267
22269
22271
22499
22503
22507
22511
22513
22515
22517
22519
22521
22523
22525
22527
23779
23783
23787
23791
23793
23795
23797
23799
23801
23803
23805
23807
24035
24039
24043
24047
24049
24051
24053
24055
24057
24059
24061
24063
24291
24295
24299
24303
24305
24307
24309
24311
24313
24315
24317
24319
24547
24551
24555
24559
24561
24563
24565
24567
24569
24571
24573
24575
24803
24807
24811
24815
24819
24823
24827
24831
25059
25063
25067
25071
25075
25079
25083
25087
25315
25319
25323
25327
25331
25335
25339
25343
25571
25575
25579
25583
25587
25591
25595
25599
25699
25703
25707
25711
25715
25719
25723
25727
25827
25831
25835
25839
25843
25847
25851
25855
25955
25959
25963
25967
25971
25975
25979
25983
26083
26087
26091
26095
26099
26103
26107
26111
26211
26215
26219
26223
26227
26231
26235
26239
26339
26343
26347
26351
26355
26359
26363
26367
26467
26471
26475
26479
26483
26487
26491
26495
26595
26599
26603
26607
26611
26615
26619
26623
26787
26791
26795
26799
26803
26807
26811
26815
26851
26855
26859
26863
26867
26871
26875
26879
27043
27047
27051
27055
27059
27063
27067
27071
27107
27111
27115
27119
27123
27127
27131
27135
27299
27303
27307
27311
27315
27319
27323
27327
27363
27367
27371
27375
27379
27383
27387
27391
27555
27559
27563
27567
27571
27575
27579
27583
27619
27623
27627
27631
27635
27639
27643
27647
27683
27687
27691
27695
27699
27703
27707
27711
27747
27751
27755
27759
27763
27767
27771
27775
27811
27815
27819
27823
27827
27831
27835
27839
27875
27879
27883
27887
27891
27895
27899
27903
27939
27943
27947
27951
27955
27959
27963
27967
28003
28007
28011
28015
28019
28023
28027
28031
28067
28071
28075
28079
28083
28087
28091
28095
28131
28135
28139
28143
28147
28151
28155
28159
28195
28199
28203
28207
28211
28215
28219
28223
28259
28263
28267
28271
28275
28279
28283
28287
28323
28327
28331
28335
28339
28343
28347
28351
28387
28391
28395
28399
28403
28407
28411
28415
28451
28455
28459
28463
28467
28471
28475
28479
28515
28519
28523
28527
28531
28535
28539
28543
28579
28583
28587
28591
28595
28599
28603
28607
28643
28647
28651
28655
28659
28663
28667
28671
28899
28903
28907
28911
28913
28915
28917
28919
28921
28923
28925
28927
29155
29159
29163
29167
29169
29171
29173
29175
29177
29179
29181
29183
29411
29415
29419
29423
29425
29427
29429
29431
29433
29435
29437
29439
29667
29671
29675
29679
29681
29683
29685
29687
29689
29691
29693
29695
29795
29799
29803
29807
29809
29811
29813
29815
29817
29819
29821
29823
29923
29927
29931
29935
29937
29939
29941
29943
29945
29947
29949
29951
30051
30055
30059
30063
30065
30067
30069
30071
30073
30075
30077
30079
30179
30183
30187
30191
30193
30195
30197
30199
30201
30203
30205
30207
30307
30311
30315
30319
30321
30323
30325
30327
30329
30331
30333
30335
30435
30439
30443
30447
30449
30451
30453
30455
30457
30459
30461
30463
30563
30567
30571
30575
30577
30579
30581
30583
30585
30587
30589
30591
30691
30695
30699
30703
30705
30707
30709
30711
30713
30715
30717
30719
30883
30887
30891
30895
30897
30899
30901
30903
30905
30907
30909
30911
30947
30951
30955
30959
30961
30963
30965
30967
30969
30971
30973
30975
31139
31143
31147
31151
31153
31155
31157
31159
31161
31163
31165
31167
31203
31207
31211
31215
31217
31219
31221
31223
31225
31227
31229
31231
31395
31399
31403
31407
31409
31411
31413
31415
31417
31419
31421
31423
31459
31463
31467
31471
31473
31475
31477
31479
31481
31483
31485
31487
31651
31655
31659
31663
31665
31667
31669
31671
31673
31675
31677
31679
31715
31719
31723
31727
31729
31731
31733
31735
31737
31739
31741
31743
31779
31783
31787
31791
31793
31795
31797
31799
31801
31803
31805
31807
31843
31847
31851
31855
31857
31859
31861
31863
31865
31867
31869
31871
31907
31911
31915
31919
31921
31923
31925
31927
31929
31931
31933
31935
31971
31975
31979
31983
31985
31987
31989
31991
31993
31995
31997
31999
32035
32039
32043
32047
32049
32051
32053
32055
32057
32059
32061
32063
32099
32103
32107
32111
32113
32115
32117
32119
32121
32123
32125
32127
32163
32167
32171
32175
32177
32179
32181
32183
32185
32187
32189
32191
32227
32231
32235
32239
32241
32243
32245
32247
32249
32251
32253
32255
32291
32295
32299
32303
32305
32307
32309
32311
32313
32315
32317
32319
32355
32359
32363
32367
32369
32371
32373
32375
32377
32379
32381
32383
32419
32423
32427
32431
32433
32435
32437
32439
32441
32443
32445
32447
32483
32487
32491
32495
32497
32499
32501
32503
32505
32507
32509
32511
32547
32551
32555
32559
32561
32563
32565
32567
32569
32571
32573
32575
32611
32615
32619
32623
32625
32627
32629
32631
32633
32635
32637
32639
32675
32679
32683
32687
32689
32691
32693
32695
32697
32699
32701
32703
32739
32743
32747
32751
32753
32755
32757
32759
32761
32763
32765
32767
34019
34023
34027
34031
34033
34035
34037
34039
34041
34043
34045
34047
34275
34279
34283
34287
34289
34291
34293
34295
34297
34299
34301
34303
34531
34535
34539
34543
34545
34547
34549
34551
34553
34555
34557
34559
34787
34791
34795
34799
34801
34803
34805
34807
34809
34811
34813
34815
35971
35975
35979
35983
35985
35987
35989
35991
35993
35995
35997
35999
36002
36003
36006
36007
36010
36011
36014
36015
36016
36017
36018
36019
36020
36021
36022
36023
36024
36025
36026
36027
36028
36029
36030
36031
36035
36039
36043
36047
36049
36051
36053
36055
36057
36059
36061
36063
36066
36067
36070
36071
36074
36075
36078
36079
36080
36081
36082
36083
36084
36085
36086
36087
36088
36089
36090
36091
36092
36093
36094
36095
36227
36231
36235
36239
36241
36243
36245
36247
36249
36251
36253
36255
36258
36259
36262
36263
36266
36267
36270
36271
36272
36273
36274
36275
36276
36277
36278
36279
36280
36281
36282
36283
36284
36285
36286
36287
36291
36295
36299
36303
36305
36307
36309
36311
36313
36315
36317
36319
36322
36323
36326
36327
36330
36331
36334
36335
36336
36337
36338
36339
36340
36341
36342
36343
36344
36345
36346
36347
36348
36349
36350
36351
36483
36487
36491
36495
36497
36499
36501
36503
36505
36507
36509
36511
36514
36515
36518
36519
36522
36523
36526
36527
36528
36529
36530
36531
36532
36533
36534
36535
36536
36537
36538
36539
36540
36541
36542
36543
36547
36551
36555
36559
36561
36563
36565
36567
36569
36571
36573
36575
36578
36579
36582
36583
36586
36587
36590
36591
36592
36593
36594
36595
36596
36597
36598
36599
36600
36601
36602
36603
36604
36605
36606
36607
36739
36743
36747
36751
36753
36755
36757
36759
36761
36763
36765
36767
36770
36771
36774
36775
36778
36779
36782
36783
36784
36785
36786
36787
36788
36789
36790
36791
36792
36793
36794
36795
36796
36797
36798
36799
36803
36807
36811
36815
36817
36819
36821
36823
36825
36827
36829
36831
36834
36835
36838
36839
36842
36843
36846
36847
36848
36849
36850
36851
36852
36853
36854
36855
36856
36857
36858
36859
36860
36861
36862
36863
38114
38115
38118
38119
38122
38123
38126
38127
38128
38129
38130
38131
38132
38133
38134
38135
38136
38137
38138
38139
38140
38141
38142
38143
38370
38371
38374
38375
38378
38379
38382
38383
38384
38385
38386
38387
38388
38389
38390
38391
38392
38393
38394
38395
38396
38397
38398
38399
38626
38627
38630
38631
38634
38635
38638
38639
38640
38641
38642
38643
38644
38645
38646
38647
38648
38649
38650
38651
38652
38653
38654
38655
38882
38883
38886
38887
38890
38891
38894
38895
38896
38897
38898
38899
38900
38901
38902
38903
38904
38905
38906
38907
38908
38909
38910
38911
39423
39935
40067
40071
40075
40079
40081
40083
40085
40087
40089
40091
40093
40095
40098
40099
40102
40103
40106
40107
40110
40111
40112
40113
40114
40115
40116
40117
40118
40119
40120
40121
40122
40123
40124
40125
40126
40127
40131
40135
40139
40143
40145
40147
40149
40151
40153
40155
40157
40159
40162
40163
40166
40167
40170
40171
40174
40175
40176
40177
40178
40179
40180
40181
40182
40183
40184
40185
40186
40187
40188
40189
40190
40191
40323
40327
40331
40335
40337
40339
40341
40343
40345
40347
40349
40351
40354
40355
40358
40359
40362
40363
40366
40367
40368
40369
40370
40371
40372
40373
40374
40375
40376
40377
40378
40379
40380
40381
40382
40383
40387
40391
40395
40399
40401
40403
40405
40407
40409
40411
40413
40415
40418
40419
40422
40423
40426
40427
40430
40431
40432
40433
40434
40435
40436
40437
40438
40439
40440
40441
40442
40443
40444
40445
40446
40447
40579
40583
40587
40591
40593
40595
40597
40599
40601
40603
40605
40607
40610
40611
40614
40615
40618
40619
40622
40623
40624
40625
40626
40627
40628
40629
40630
40631
40632
40633
40634
40635
40636
40637
40638
40639
40643
40647
40651
40655
40657
40659
40661
40663
40665
40667
40669
40671
40674
40675
40678
40679
40682
40683
40686
40687
40688
40689
40690
40691
40692
40693
40694
40695
40696
40697
40698
40699
40700
40701
40702
40703
40835
40839
40843
40847
40849
40851
40853
40855
40857
40859
40861
40863
40866
40867
40870
40871
40874
40875
40878
40879
40880
40881
40882
40883
40884
40885
40886
40887
40888
40889
40890
40891
40892
40893
40894
40895
40899
40903
40907
40911
40913
40915
40917
40919
40921
40923
40925
40927
40930
40931
40934
40935
40938
40939
40942
40943
40944
40945
40946
40947
40948
40949
40950
40951
40952
40953
40954
40955
40956
40957
40958
40959
41155
41159
41163
41167
41169
41171
41173
41175
41177
41179
41181
41183
41187
41191
41195
41199
41201
41203
41205
41207
41209
41211
41213
41215
41411
41415
41419
41423
41425
41427
41429
41431
41433
41435
41437
41439
41443
41447
41451
41455
41457
41459
41461
41463
41465
41467
41469
41471
41667
41671
41675
41679
41681
41683
41685
41687
41689
41691
41693
41695
41699
41703
41707
41711
41713
41715
41717
41719
41721
41723
41725
41727
41923
41927
41931
41935
41937
41939
41941
41943
41945
41947
41949
41951
41955
41959
41963
41967
41969
41971
41973
41975
41977
41979
41981
41983
42051
42055
42059
42063
42065
42067
42069
42071
42073
42075
42077
42079
42083
42087
42091
42095
42097
42099
42101
42103
42105
42107
42109
42111
42179
42183
42187
42191
42193
42195
42197
42199
42201
42203
42205
42207
42211
42215
42219
42223
42225
42227
42229
42231
42233
42235
42237
42239
42307
42311
42315
42319
42321
42323
42325
42327
42329
42331
42333
42335
42339
42343
42347
42351
42353
42355
42357
42359
42361
42363
42365
42367
42435
42439
42443
42447
42449
42451
42453
42455
42457
42459
42461
42463
42467
42471
42475
42479
42481
42483
42485
42487
42489
42491
42493
42495
42563
42567
42571
42575
42577
42579
42581
42583
42585
42587
42589
42591
42595
42599
42603
42607
42609
42611
42613
42615
42617
42619
42621
42623
42691
42695
42699
42703
42705
42707
42709
42711
42713
42715
42717
42719
42723
42727
42731
42735
42737
42739
42741
42743
42745
42747
42749
42751
42819
42823
42827
42831
42833
42835
42837
42839
42841
42843
42845
42847
42851
42855
42859
42863
42865
42867
42869
42871
42873
42875
42877
42879
42947
42951
42955
42959
42961
42963
42965
42967
42969
42971
42973
42975
42979
42983
42987
42991
42993
42995
42997
42999
43001
43003
43005
43007
43139
43143
43147
43151
43153
43155
43157
43159
43161
43163
43165
43167
43171
43175
43179
43183
43185
43187
43189
43191
43193
43195
43197
43199
43203
43207
43211
43215
43217
43219
43221
43223
43225
43227
43229
43231
43234
43235
43238
43239
43242
43243
43246
43247
43248
43249
43250
43251
43252
43253
43254
43255
43256
43257
43258
43259
43260
43261
43262
43263
43395
43399
43403
43407
43409
43411
43413
43415
43417
43419
43421
43423
43427
43431
43435
43439
43441
43443
43445
43447
43449
43451
43453
43455
43459
43463
43467
43471
43473
43475
43477
43479
43481
43483
43485
43487
43490
43491
43494
43495
43498
43499
43502
43503
43504
43505
43506
43507
43508
43509
43510
43511
43512
43513
43514
43515
43516
43517
43518
43519
43651
43655
43659
43663
43665
43667
43669
43671
43673
43675
43677
43679
43683
43687
43691
43695
43697
43699
43701
43703
43705
43707
43709
43711
43715
43719
43723
43727
43729
43731
43733
43735
43737
43739
43741
43743
43746
43747
43750
43751
43754
43755
43758
43759
43760
43761
43762
43763
43764
43765
43766
43767
43768
43769
43770
43771
43772
43773
43774
43775
43907
43911
43915
43919
43921
43923
43925
43927
43929
43931
43933
43935
43939
43943
43947
43951
43953
43955
43957
43959
43961
43963
43965
43967
43971
43975
43979
43983
43985
43987
43989
43991
43993
43995
43997
43999
44002
44003
44006
44007
44010
44011
44014
44015
44016
44017
44018
44019
44020
44021
44022
44023
44024
44025
44026
44027
44028
44029
44030
44031
44035
44039
44043
44047
44049
44051
44053
44055
44057
44059
44061
44063
44067
44071
44075
44079
44081
44083
44085
44087
44089
44091
44093
44095
44099
44103
44107
44111
44113
44115
44117
44119
44121
44123
44125
44127
44131
44135
44139
44143
44145
44147
44149
44151
44153
44155
44157
44159
44163
44167
44171
44175
44177
44179
44181
44183
44185
44187
44189
44191
44194
44195
44198
44199
44202
44203
44206
44207
44208
44209
44210
44211
44212
44213
44214
44215
44216
44217
44218
44219
44220
44221
44222
44223
44227
44231
44235
44239
44241
44243
44245
44247
44249
44251
44253
44255
44258
44259
44262
44263
44266
44267
44270
44271
44272
44273
44274
44275
44276
44277
44278
44279
44280
44281
44282
44283
44284
44285
44286
44287
44291
44295
44299
44303
44305
44307
44309
44311
44313
44315
44317
44319
44323
44327
44331
44335
44337
44339
44341
44343
44345
44347
44349
44351
44355
44359
44363
44367
44369
44371
44373
44375
44377
44379
44381
44383
44387
44391
44395
44399
44401
44403
44405
44407
44409
44411
44413
44415
44419
44423
44427
44431
44433
44435
44437
44439
44441
44443
44445
44447
44450
44451
44454
44455
44458
44459
44462
44463
44464
44465
44466
44467
44468
44469
44470
44471
44472
44473
44474
44475
44476
44477
44478
44479
44483
44487
44491
44495
44497
44499
44501
44503
44505
44507
44509
44511
44514
44515
44518
44519
44522
44523
44526
44527
44528
44529
44530
44531
44532
44533
44534
44535
44536
44537
44538
44539
44540
44541
44542
44543
44547
44551
44555
44559
44561
44563
44565
44567
44569
44571
44573
44575
44579
44583
44587
44591
44593
44595
44597
44599
44601
44603
44605
44607
44611
44615
44619
44623
44625
44627
44629
44631
44633
44635
44637
44639
44643
44647
44651
44655
44657
44659
44661
44663
44665
44667
44669
44671
44675
44679
44683
44687
44689
44691
44693
44695
44697
44699
44701
44703
44706
44707
44710
44711
44714
44715
44718
44719
44720
44721
44722
44723
44724
44725
44726
44727
44728
44729
44730
44731
44732
44733
44734
44735
44739
44743
44747
44751
44753
44755
44757
44759
44761
44763
44765
44767
44770
44771
44774
44775
44778
44779
44782
44783
44784
44785
44786
44787
44788
44789
44790
44791
44792
44793
44794
44795
44796
44797
44798
44799
44803
44807
44811
44815
44817
44819
44821
44823
44825
44827
44829
44831
44835
44839
44843
44847
44849
44851
44853
44855
44857
44859
44861
44863
44867
44871
44875
44879
44881
44883
44885
44887
44889
44891
44893
44895
44899
44903
44907
44911
44913
44915
44917
44919
44921
44923
44925
44927
44931
44935
44939
44943
44945
44947
44949
44951
44953
44955
44957
44959
44962
44963
44966
44967
44970
44971
44974
44975
44976
44977
44978
44979
44980
44981
44982
44983
44984
44985
44986
44987
44988
44989
44990
44991
44995
44999
45003
45007
45009
45011
45013
45015
45017
45019
45021
45023
45026
45027
45030
45031
45034
45035
45038
45039
45040
45041
45042
45043
45044
45045
45046
45047
45048
45049
45050
45051
45052
45053
45054
45055
45251
45255
45259
45263
45265
45267
45269
45271
45273
45275
45277
45279
45282
45283
45286
45287
45290
45291
45294
45295
45296
45297
45298
45299
45300
45301
45302
45303
45304
45305
45306
45307
45308
45309
45310
45311
45507
45511
45515
45519
45521
45523
45525
45527
45529
45531
45533
45535
45538
45539
45542
45543
45546
45547
45550
45551
45552
45553
45554
45555
45556
45557
45558
45559
45560
45561
45562
45563
45564
45565
45566
45567
45763
45767
45771
45775
45777
45779
45781
45783
45785
45787
45789
45791
45794
45795
45798
45799
45802
45803
45806
45807
45808
45809
45810
45811
45812
45813
45814
45815
45816
45817
45818
45819
45820
45821
45822
45823
46019
46023
46027
46031
46033
46035
46037
46039
46041
46043
46045
46047
46050
46051
46054
46055
46058
46059
46062
46063
46064
46065
46066
46067
46068
46069
46070
46071
46072
46073
46074
46075
46076
46077
46078
46079
46147
46151
46155
46159
46161
46163
46165
46167
46169
46171
46173
46175
46178
46179
46182
46183
46186
46187
46190
46191
46192
46193
46194
46195
46196
46197
46198
46199
46200
46201
46202
46203
46204
46205
46206
46207
46275
46279
46283
46287
46289
46291
46293
46295
46297
46299
46301
46303
46306
46307
46310
46311
46314
46315
46318
46319
46320
46321
46322
46323
46324
46325
46326
46327
46328
46329
46330
46331
46332
46333
46334
46335
46403
46407
46411
46415
46417
46419
46421
46423
46425
46427
46429
46431
46434
46435
46438
46439
46442
46443
46446
46447
46448
46449
46450
46451
46452
46453
46454
46455
46456
46457
46458
46459
46460
46461
46462
46463
46531
46535
46539
46543
46545
46547
46549
46551
46553
46555
46557
46559
46562
46563
46566
46567
46570
46571
46574
46575
46576
46577
46578
46579
46580
46581
46582
46583
46584
46585
46586
46587
46588
46589
46590
46591
46659
46663
46667
46671
46673
46675
46677
46679
46681
46683
46685
46687
46690
46691
46694
46695
46698
46699
46702
46703
46704
46705
46706
46707
46708
46709
46710
46711
46712
46713
46714
46715
46716
46717
46718
46719
46787
46791
46795
46799
46801
46803
46805
46807
46809
46811
46813
46815
46818
46819
46822
46823
46826
46827
46830
46831
46832
46833
46834
46835
46836
46837
46838
46839
46840
46841
46842
46843
46844
46845
46846
46847
46915
46919
46923
46927
46929
46931
46933
46935
46937
46939
46941
46943
46946
46947
46950
46951
46954
46955
46958
46959
46960
46961
46962
46963
46964
46965
46966
46967
46968
46969
46970
46971
46972
46973
46974
46975
47043
47047
47051
47055
47057
47059
47061
47063
47065
47067
47069
47071
47074
47075
47078
47079
47082
47083
47086
47087
47088
47089
47090
47091
47092
47093
47094
47095
47096
47097
47098
47099
47100
47101
47102
47103
47235
47239
47243
47247
47249
47251
47253
47255
47257
47259
47261
47263
47266
47267
47270
47271
47274
47275
47278
47279
47280
47281
47282
47283
47284
47285
47286
47287
47288
47289
47290
47291
47292
47293
47294
47295
47299
47303
47307
47311
47313
47315
47317
47319
47321
47323
47325
47327
47330
47331
47334
47335
47338
47339
47342
47343
47344
47345
47346
47347
47348
47349
47350
47351
47352
47353
47354
47355
47356
47357
47358
47359
47491
47495
47499
47503
47505
47507
47509
47511
47513
47515
47517
47519
47522
47523
47526
47527
47530
47531
47534
47535
47536
47537
47538
47539
47540
47541
47542
47543
47544
47545
47546
47547
47548
47549
47550
47551
47555
47559
47563
47567
47569
47571
47573
47575
47577
47579
47581
47583
47586
47587
47590
47591
47594
47595
47598
47599
47600
47601
47602
47603
47604
47605
47606
47607
47608
47609
47610
47611
47612
47613
47614
47615
47747
47751
47755
47759
47761
47763
47765
47767
47769
47771
47773
47775
47778
47779
47782
47783
47786
47787
47790
47791
47792
47793
47794
47795
47796
47797
47798
47799
47800
47801
47802
47803
47804
47805
47806
47807
47811
47815
47819
47823
47825
47827
47829
47831
47833
47835
47837
47839
47842
47843
47846
47847
47850
47851
47854
47855
47856
47857
47858
47859
47860
47861
47862
47863
47864
47865
47866
47867
47868
47869
47870
47871
48003
48007
48011
48015
48017
48019
48021
48023
48025
48027
48029
48031
48034
48035
48038
48039
48042
48043
48046
48047
48048
48049
48050
48051
48052
48053
48054
48055
48056
48057
48058
48059
48060
48061
48062
48063
48067
48071
48075
48079
48081
48083
48085
48087
48089
48091
48093
48095
48098
48099
48102
48103
48106
48107
48110
48111
48112
48113
48114
48115
48116
48117
48118
48119
48120
48121
48122
48123
48124
48125
48126
48127
48131
48135
48139
48143
48145
48147
48149
48151
48153
48155
48157
48159
48162
48163
48166
48167
48170
48171
48174
48175
48176
48177
48178
48179
48180
48181
48182
48183
48184
48185
48186
48187
48188
48189
48190
48191
48195
48199
48203
48207
48209
48211
48213
48215
48217
48219
48221
48223
48226
48227
48230
48231
48234
48235
48238
48239
48240
48241
48242
48243
48244
48245
48246
48247
48248
48249
48250
48251
48252
48253
48254
48255
48259
48263
48267
48271
48273
48275
48277
48279
48281
48283
48285
48287
48290
48291
48294
48295
48298
48299
48302
48303
48304
48305
48306
48307
48308
48309
48310
48311
48312
48313
48314
48315
48316
48317
48318
48319
48323
48327
48331
48335
48337
48339
48341
48343
48345
48347
48349
48351
48354
48355
48358
48359
48362
48363
48366
48367
48368
48369
48370
48371
48372
48373
48374
48375
48376
48377
48378
48379
48380
48381
48382
48383
48387
48391
48395
48399
48401
48403
48405
48407
48409
48411
48413
48415
48418
48419
48422
48423
48426
48427
48430
48431
48432
48433
48434
48435
48436
48437
48438
48439
48440
48441
48442
48443
48444
48445
48446
48447
48451
48455
48459
48463
48465
48467
48469
48471
48473
48475
48477
48479
48482
48483
48486
48487
48490
48491
48494
48495
48496
48497
48498
48499
48500
48501
48502
48503
48504
48505
48506
48507
48508
48509
48510
48511
48515
48519
48523
48527
48529
48531
48533
48535
48537
48539
48541
48543
48546
48547
48550
48551
48554
48555
48558
48559
48560
48561
48562
48563
48564
48565
48566
48567
48568
48569
48570
48571
48572
48573
48574
48575
48579
48583
48587
48591
48593
48595
48597
48599
48601
48603
48605
48607
48610
48611
48614
48615
48618
48619
48622
48623
48624
48625
48626
48627
48628
48629
48630
48631
48632
48633
48634
48635
48636
48637
48638
48639
48643
48647
48651
48655
48657
48659
48661
48663
48665
48667
48669
48671
48674
48675
48678
48679
48682
48683
48686
48687
48688
48689
48690
48691
48692
48693
48694
48695
48696
48697
48698
48699
48700
48701
48702
48703
48707
48711
48715
48719
48721
48723
48725
48727
48729
48731
48733
48735
48738
48739
48742
48743
48746
48747
48750
48751
48752
48753
48754
48755
48756
48757
48758
48759
48760
48761
48762
48763
48764
48765
48766
48767
48771
48775
48779
48783
48785
48787
48789
48791
48793
48795
48797
48799
48802
48803
48806
48807
48810
48811
48814
48815
48816
48817
48818
48819
48820
48821
48822
48823
48824
48825
48826
48827
48828
48829
48830
48831
48835
48839
48843
48847
48849
48851
48853
48855
48857
48859
48861
48863
48866
48867
48870
48871
48874
48875
48878
48879
48880
48881
48882
48883
48884
48885
48886
48887
48888
48889
48890
48891
48892
48893
48894
48895
48899
48903
48907
48911
48913
48915
48917
48919
48921
48923
48925
48927
48930
48931
48934
48935
48938
48939
48942
48943
48944
48945
48946
48947
48948
48949
48950
48951
48952
48953
48954
48955
48956
48957
48958
48959
48963
48967
48971
48975
48977
48979
48981
48983
48985
48987
48989
48991
48994
48995
48998
48999
49002
49003
49006
49007
49008
49009
49010
49011
49012
49013
49014
49015
49016
49017
49018
49019
49020
49021
49022
49023
49027
49031
49035
49039
49041
49043
49045
49047
49049
49051
49053
49055
49058
49059
49062
49063
49066
49067
49070
49071
49072
49073
49074
49075
49076
49077
49078
49079
49080
49081
49082
49083
49084
49085
49086
49087
49091
49095
49099
49103
49105
49107
49109
49111
49113
49115
49117
49119
49122
49123
49126
49127
49130
49131
49134
49135
49136
49137
49138
49139
49140
49141
49142
49143
49144
49145
49146
49147
49148
49149
49150
49151
50403
50407
50411
50415
50417
50419
50421
50423
50425
50427
50429
50431
50659
50663
50667
50671
50673
50675
50677
50679
50681
50683
50685
50687
50915
50919
50923
50927
50929
50931
50933
50935
50937
50939
50941
50943
51171
51175
51179
51183
51185
51187
51189
51191
51193
51195
51197
51199
52355
52359
52363
52367
52369
52371
52373
52375
52377
52379
52381
52383
52386
52387
52390
52391
52394
52395
52398
52399
52400
52401
52402
52403
52404
52405
52406
52407
52408
52409
52410
52411
52412
52413
52414
52415
52419
52423
52427
52431
52433
52435
52437
52439
52441
52443
52445
52447
52450
52451
52454
52455
52458
52459
52462
52463
52464
52465
52466
52467
52468
52469
52470
52471
52472
52473
52474
52475
52476
52477
52478
52479
52611
52615
52619
52623
52625
52627
52629
52631
52633
52635
52637
52639
52642
52643
52646
52647
52650
52651
52654
52655
52656
52657
52658
52659
52660
52661
52662
52663
52664
52665
52666
52667
52668
52669
52670
52671
52675
52679
52683
52687
52689
52691
52693
52695
52697
52699
52701
52703
52706
52707
52710
52711
52714
52715
52718
52719
52720
52721
52722
52723
52724
52725
52726
52727
52728
52729
52730
52731
52732
52733
52734
52735
52867
52871
52875
52879
52881
52883
52885
52887
52889
52891
52893
52895
52898
52899
52902
52903
52906
52907
52910
52911
52912
52913
52914
52915
52916
52917
52918
52919
52920
52921
52922
52923
52924
52925
52926
52927
52931
52935
52939
52943
52945
52947
52949
52951
52953
52955
52957
52959
52962
52963
52966
52967
52970
52971
52974
52975
52976
52977
52978
52979
52980
52981
52982
52983
52984
52985
52986
52987
52988
52989
52990
52991
53123
53127
53131
53135
53137
53139
53141
53143
53145
53147
53149
53151
53154
53155
53158
53159
53162
53163
53166
53167
53168
53169
53170
53171
53172
53173
53174
53175
53176
53177
53178
53179
53180
53181
53182
53183
53187
53191
53195
53199
53201
53203
53205
53207
53209
53211
53213
53215
53218
53219
53222
53223
53226
53227
53230
53231
53232
53233
53234
53235
53236
53237
53238
53239
53240
53241
53242
53243
53244
53245
53246
53247
54498
54499
54502
54503
54506
54507
54510
54511
54512
54513
54514
54515
54516
54517
54518
54519
54520
54521
54522
54523
54524
54525
54526
54527
54754
54755
54758
54759
54762
54763
54766
54767
54768
54769
54770
54771
54772
54773
54774
54775
54776
54777
54778
54779
54780
54781
54782
54783
55010
55011
55014
55015
55018
55019
55022
55023
55024
55025
55026
55027
55028
55029
55030
55031
55032
55033
55034
55035
55036
55037
55038
55039
55266
55267
55270
55271
55274
55275
55278
55279
55280
55281
55282
55283
55284
55285
55286
55287
55288
55289
55290
55291
55292
55293
55294
55295
55807
56319
56451
56455
56459
56463
56465
56467
56469
56471
56473
56475
56477
56479
56482
56483
56486
56487
56490
56491
56494
56495
56496
56497
56498
56499
56500
56501
56502
56503
56504
56505
56506
56507
56508
56509
56510
56511
56515
56519
56523
56527
56529
56531
56533
56535
56537
56539
56541
56543
56546
56547
56550
56551
56554
56555
56558
56559
56560
56561
56562
56563
56564
56565
56566
56567
56568
56569
56570
56571
56572
56573
56574
56575
56707
56711
56715
56719
56721
56723
56725
56727
56729
56731
56733
56735
56738
56739
56742
56743
56746
56747
56750
56751
56752
56753
56754
56755
56756
56757
56758
56759
56760
56761
56762
56763
56764
56765
56766
56767
56771
56775
56779
56783
56785
56787
56789
56791
56793
56795
56797
56799
56802
56803
56806
56807
56810
56811
56814
56815
56816
56817
56818
56819
56820
56821
56822
56823
56824
56825
56826
56827
56828
56829
56830
56831
56963
56967
56971
56975
56977
56979
56981
56983
56985
56987
56989
56991
56994
56995
56998
56999
57002
57003
57006
57007
57008
57009
57010
57011
57012
57013
57014
57015
57016
57017
57018
57019
57020
57021
57022
57023
57027
57031
57035
57039
57041
57043
57045
57047
57049
57051
57053
57055
57058
57059
57062
57063
57066
57067
57070
57071
57072
57073
57074
57075
57076
57077
57078
57079
57080
57081
57082
57083
57084
57085
57086
57087
57219
57223
57227
57231
57233
57235
57237
57239
57241
57243
57245
57247
57250
57251
57254
57255
57258
57259
57262
57263
57264
57265
57266
57267
57268
57269
57270
57271
57272
57273
57274
57275
57276
57277
57278
57279
57283
57287
57291
57295
57297
57299
57301
57303
57305
57307
57309
57311
57314
57315
57318
57319
57322
57323
57326
57327
57328
57329
57330
57331
57332
57333
57334
57335
57336
57337
57338
57339
57340
57341
57342
57343
57539
57543
57547
57551
57553
57555
57557
57559
57561
57563
57565
57567
57571
57575
57579
57583
57585
57587
57589
57591
57593
57595
57597
57599
57795
57799
57803
57807
57809
57811
57813
57815
57817
57819
57821
57823
57827
57831
57835
57839
57841
57843
57845
57847
57849
57851
57853
57855
58051
58055
58059
58063
58065
58067
58069
58071
58073
58075
58077
58079
58083
58087
58091
58095
58097
58099
58101
58103
58105
58107
58109
58111
58307
58311
58315
58319
58321
58323
58325
58327
58329
58331
58333
58335
58339
58343
58347
58351
58353
58355
58357
58359
58361
58363
58365
58367
58435
58439
58443
58447
58449
58451
58453
58455
58457
58459
58461
58463
58467
58471
58475
58479
58481
58483
58485
58487
58489
58491
58493
58495
58563
58567
58571
58575
58577
58579
58581
58583
58585
58587
58589
58591
58595
58599
58603
58607
58609
58611
58613
58615
58617
58619
58621
58623
58691
58695
58699
58703
58705
58707
58709
58711
58713
58715
58717
58719
58723
58727
58731
58735
58737
58739
58741
58743
58745
58747
58749
58751
58819
58823
58827
58831
58833
58835
58837
58839
58841
58843
58845
58847
58851
58855
58859
58863
58865
58867
58869
58871
58873
58875
58877
58879
58947
58951
58955
58959
58961
58963
58965
58967
58969
58971
58973
58975
58979
58983
58987
58991
58993
58995
58997
58999
59001
59003
59005
59007
59075
59079
59083
59087
59089
59091
59093
59095
59097
59099
59101
59103
59107
59111
59115
59119
59121
59123
59125
59127
59129
59131
59133
59135
59203
59207
59211
59215
59217
59219
59221
59223
59225
59227
59229
59231
59235
59239
59243
59247
59249
59251
59253
59255
59257
59259
59261
59263
59331
59335
59339
59343
59345
59347
59349
59351
59353
59355
59357
59359
59363
59367
59371
59375
59377
59379
59381
59383
59385
59387
59389
59391
59523
59527
59531
59535
59537
59539
59541
59543
59545
59547
59549
59551
59555
59559
59563
59567
59569
59571
59573
59575
59577
59579
59581
59583
59587
59591
59595
59599
59601
59603
59605
59607
59609
59611
59613
59615
59618
59619
59622
59623
59626
59627
59630
59631
59632
59633
59634
59635
59636
59637
59638
59639
59640
59641
59642
59643
59644
59645
59646
59647
59779
59783
59787
59791
59793
59795
59797
59799
59801
59803
59805
59807
59811
59815
59819
59823
59825
59827
59829
59831
59833
59835
59837
59839
59843
59847
59851
59855
59857
59859
59861
59863
59865
59867
59869
59871
59874
59875
59878
59879
59882
59883
59886
59887
59888
59889
59890
59891
59892
59893
59894
59895
59896
59897
59898
59899
59900
59901
59902
59903
60035
60039
60043
60047
60049
60051
60053
60055
60057
60059
60061
60063
60067
60071
60075
60079
60081
60083
60085
60087
60089
60091
60093
60095
60099
60103
60107
60111
60113
60115
60117
60119
60121
60123
60125
60127
60130
60131
60134
60135
60138
60139
60142
60143
60144
60145
60146
60147
60148
60149
60150
60151
60152
60153
60154
60155
60156
60157
60158
60159
60291
60295
60299
60303
60305
60307
60309
60311
60313
60315
60317
60319
60323
60327
60331
60335
60337
60339
60341
60343
60345
60347
60349
60351
60355
60359
60363
60367
60369
60371
60373
60375
60377
60379
60381
60383
60386
60387
60390
60391
60394
60395
60398
60399
60400
60401
60402
60403
60404
60405
60406
60407
60408
60409
60410
60411
60412
60413
60414
60415
60419
60423
60427
60431
60433
60435
60437
60439
60441
60443
60445
60447
60451
60455
60459
60463
60465
60467
60469
60471
60473
60475
60477
60479
60483
60487
60491
60495
60497
60499
60501
60503
60505
60507
60509
60511
60515
60519
60523
60527
60529
60531
60533
60535
60537
60539
60541
60543
60547
60551
60555
60559
60561
60563
60565
60567
60569
60571
60573
60575
60578
60579
60582
60583
60586
60587
60590
60591
60592
60593
60594
60595
60596
60597
60598
60599
60600
60601
60602
60603
60604
60605
60606
60607
60611
60615
60619
60623
60625
60627
60629
60631
60633
60635
60637
60639
60642
60643
60646
60647
60650
60651
60654
60655
60656
60657
60658
60659
60660
60661
60662
60663
60664
60665
60666
60667
60668
60669
60670
60671
60675
60679
60683
60687
60689
60691
60693
60695
60697
60699
60701
60703
60707
60711
60715
60719
60721
60723
60725
60727
60729
60731
60733
60735
60739
60743
60747
60751
60753
60755
60757
60759
60761
60763
60765
60767
60771
60775
60779
60783
60785
60787
60789
60791
60793
60795
60797
60799
60803
60807
60811
60815
60817
60819
60821
60823
60825
60827
60829
60831
60834
60835
60838
60839
60842
60843
60846
60847
60848
60849
60850
60851
60852
60853
60854
60855
60856
60857
60858
60859
60860
60861
60862
60863
60867
60871
60875
60879
60881
60883
60885
60887
60889
60891
60893
60895
60898
60899
60902
60903
60906
60907
60910
60911
60912
60913
60914
60915
60916
60917
60918
60919
60920
60921
60922
60923
60924
60925
60926
60927
60931
60935
60939
60943
60945
60947
60949
60951
60953
60955
60957
60959
60963
60967
60971
60975
60977
60979
60981
60983
60985
60987
60989
60991
60995
60999
61003
61007
61009
61011
61013
61015
61017
61019
61021
61023
61027
61031
61035
61039
61041
61043
61045
61047
61049
61051
61053
61055
61059
61063
61067
61071
61073
61075
61077
61079
61081
61083
61085
61087
61090
61091
61094
61095
61098
61099
61102
61103
61104
61105
61106
61107
61108
61109
61110
61111
61112
61113
61114
61115
61116
61117
61118
61119
61123
61127
61131
61135
61137
61139
61141
61143
61145
61147
61149
61151
61154
61155
61158
61159
61162
61163
61166
61167
61168
61169
61170
61171
61172
61173
61174
61175
61176
61177
61178
61179
61180
61181
61182
61183
61187
61191
61195
61199
61201
61203
61205
61207
61209
61211
61213
61215
61219
61223
61227
61231
61233
61235
61237
61239
61241
61243
61245
61247
61251
61255
61259
61263
61265
61267
61269
61271
61273
61275
61277
61279
61283
61287
61291
61295
61297
61299
61301
61303
61305
61307
61309
61311
61315
61319
61323
61327
61329
61331
61333
61335
61337
61339
61341
61343
61346
61347
61350
61351
61354
61355
61358
61359
61360
61361
61362
61363
61364
61365
61366
61367
61368
61369
61370
61371
61372
61373
61374
61375
61379
61383
61387
61391
61393
61395
61397
61399
61401
61403
61405
61407
61410
61411
61414
61415
61418
61419
61422
61423
61424
61425
61426
61427
61428
61429
61430
61431
61432
61433
61434
61435
61436
61437
61438
61439
61635
61639
61643
61647
61649
61651
61653
61655
61657
61659
61661
61663
61666
61667
61670
61671
61674
61675
61678
61679
61680
61681
61682
61683
61684
61685
61686
61687
61688
61689
61690
61691
61692
61693
61694
61695
61891
61895
61899
61903
61905
61907
61909
61911
61913
61915
61917
61919
61922
61923
61926
61927
61930
61931
61934
61935
61936
61937
61938
61939
61940
61941
61942
61943
61944
61945
61946
61947
61948
61949
61950
61951
62147
62151
62155
62159
62161
62163
62165
62167
62169
62171
62173
62175
62178
62179
62182
62183
62186
62187
62190
62191
62192
62193
62194
62195
62196
62197
62198
62199
62200
62201
62202
62203
62204
62205
62206
62207
62403
62407
62411
62415
62417
62419
62421
62423
62425
62427
62429
62431
62434
62435
62438
62439
62442
62443
62446
62447
62448
62449
62450
62451
62452
62453
62454
62455
62456
62457
62458
62459
62460
62461
62462
62463
62531
62535
62539
62543
62545
62547
62549
62551
62553
62555
62557
62559
62562
62563
62566
62567
62570
62571
62574
62575
62576
62577
62578
62579
62580
62581
62582
62583
62584
62585
62586
62587
62588
62589
62590
62591
62659
62663
62667
62671
62673
62675
62677
62679
62681
62683
62685
62687
62690
62691
62694
62695
62698
62699
62702
62703
62704
62705
62706
62707
62708
62709
62710
62711
62712
62713
62714
62715
62716
62717
62718
62719
62787
62791
62795
62799
62801
62803
62805
62807
62809
62811
62813
62815
62818
62819
62822
62823
62826
62827
62830
62831
62832
62833
62834
62835
62836
62837
62838
62839
62840
62841
62842
62843
62844
62845
62846
62847
62915
62919
62923
62927
62929
62931
62933
62935
62937
62939
62941
62943
62946
62947
62950
62951
62954
62955
62958
62959
62960
62961
62962
62963
62964
62965
62966
62967
62968
62969
62970
62971
62972
62973
62974
62975
63043
63047
63051
63055
63057
63059
63061
63063
63065
63067
63069
63071
63074
63075
63078
63079
63082
63083
63086
63087
63088
63089
63090
63091
63092
63093
63094
63095
63096
63097
63098
63099
63100
63101
63102
63103
63171
63175
63179
63183
63185
63187
63189
63191
63193
63195
63197
63199
63202
63203
63206
63207
63210
63211
63214
63215
63216
63217
63218
63219
63220
63221
63222
63223
63224
63225
63226
63227
63228
63229
63230
63231
63299
63303
63307
63311
63313
63315
63317
63319
63321
63323
63325
63327
63330
63331
63334
63335
63338
63339
63342
63343
63344
63345
63346
63347
63348
63349
63350
63351
63352
63353
63354
63355
63356
63357
63358
63359
63427
63431
63435
63439
63441
63443
63445
63447
63449
63451
63453
63455
63458
63459
63462
63463
63466
63467
63470
63471
63472
63473
63474
63475
63476
63477
63478
63479
63480
63481
63482
63483
63484
63485
63486
63487
63619
63623
63627
63631
63633
63635
63637
63639
63641
63643
63645
63647
63650
63651
63654
63655
63658
63659
63662
63663
63664
63665
63666
63667
63668
63669
63670
63671
63672
63673
63674
63675
63676
63677
63678
63679
63683
63687
63691
63695
63697
63699
63701
63703
63705
63707
63709
63711
63714
63715
63718
63719
63722
63723
63726
63727
63728
63729
63730
63731
63732
63733
63734
63735
63736
63737
63738
63739
63740
63741
63742
63743
63875
63879
63883
63887
63889
63891
63893
63895
63897
63899
63901
63903
63906
63907
63910
63911
63914
63915
63918
63919
63920
63921
63922
63923
63924
63925
63926
63927
63928
63929
63930
63931
63932
63933
63934
63935
63939
63943
63947
63951
63953
63955
63957
63959
63961
63963
63965
63967
63970
63971
63974
63975
63978
63979
63982
63983
63984
63985
63986
63987
63988
63989
63990
63991
63992
63993
63994
63995
63996
63997
63998
63999
64131
64135
64139
64143
64145
64147
64149
64151
64153
64155
64157
64159
64162
64163
64166
64167
64170
64171
64174
64175
64176
64177
64178
64179
64180
64181
64182
64183
64184
64185
64186
64187
64188
64189
64190
64191
64195
64199
64203
64207
64209
64211
64213
64215
64217
64219
64221
64223
64226
64227
64230
64231
64234
64235
64238
64239
64240
64241
64242
64243
64244
64245
64246
64247
64248
64249
64250
64251
64252
64253
64254
64255
64387
64391
64395
64399
64401
64403
64405
64407
64409
64411
64413
64415
64418
64419
64422
64423
64426
64427
64430
64431
64432
64433
64434
64435
64436
64437
64438
64439
64440
64441
64442
64443
64444
64445
64446
64447
64451
64455
64459
64463
64465
64467
64469
64471
64473
64475
64477
64479
64482
64483
64486
64487
64490
64491
64494
64495
64496
64497
64498
64499
64500
64501
64502
64503
64504
64505
64506
64507
64508
64509
64510
64511
64515
64519
64523
64527
64529
64531
64533
64535
64537
64539
64541
64543
64546
64547
64550
64551
64554
64555
64558
64559
64560
64561
64562
64563
64564
64565
64566
64567
64568
64569
64570
64571
64572
64573
64574
64575
64579
64583
64587
64591
64593
64595
64597
64599
64601
64603
64605
64607
64610
64611
64614
64615
64618
64619
64622
64623
64624
64625
64626
64627
64628
64629
64630
64631
64632
64633
64634
64635
64636
64637
64638
64639
64643
64647
64651
64655
64657
64659
64661
64663
64665
64667
64669
64671
64674
64675
64678
64679
64682
64683
64686
64687
64688
64689
64690
64691
64692
64693
64694
64695
64696
64697
64698
64699
64700
64701
64702
64703
64707
64711
64715
64719
64721
64723
64725
64727
64729
64731
64733
64735
64738
64739
64742
64743
64746
64747
64750
64751
64752
64753
64754
64755
64756
64757
64758
64759
64760
64761
64762
64763
64764
64765
64766
64767
64771
64775
64779
64783
64785
64787
64789
64791
64793
64795
64797
64799
64802
64803
64806
64807
64810
64811
64814
64815
64816
64817
64818
64819
64820
64821
64822
64823
64824
64825
64826
64827
64828
64829
64830
64831
64835
64839
64843
64847
64849
64851
64853
64855
64857
64859
64861
64863
64866
64867
64870
64871
64874
64875
64878
64879
64880
64881
64882
64883
64884
64885
64886
64887
64888
64889
64890
64891
64892
64893
64894
64895
64899
64903
64907
64911
64913
64915
64917
64919
64921
64923
64925
64927
64930
64931
64934
64935
64938
64939
64942
64943
64944
64945
64946
64947
64948
64949
64950
64951
64952
64953
64954
64955
64956
64957
64958
64959
64963
64967
64971
64975
64977
64979
64981
64983
64985
64987
64989
64991
64994
64995
64998
64999
65002
65003
65006
65007
65008
65009
65010
65011
65012
65013
65014
65015
65016
65017
65018
65019
65020
65021
65022
65023
65027
65031
65035
65039
65041
65043
65045
65047
65049
65051
65053
65055
65058
65059
65062
65063
65066
65067
65070
65071
65072
65073
65074
65075
65076
65077
65078
65079
65080
65081
65082
65083
65084
65085
65086
65087
65091
65095
65099
65103
65105
65107
65109
65111
65113
65115
65117
65119
65122
65123
65126
65127
65130
65131
65134
65135
65136
65137
65138
65139
65140
65141
65142
65143
65144
65145
65146
65147
65148
65149
65150
65151
65155
65159
65163
65167
65169
65171
65173
65175
65177
65179
65181
65183
65186
65187
65190
65191
65194
65195
65198
65199
65200
65201
65202
65203
65204
65205
65206
65207
65208
65209
65210
65211
65212
65213
65214
65215
65219
65223
65227
65231
65233
65235
65237
65239
65241
65243
65245
65247
65250
65251
65254
65255
65258
65259
65262
65263
65264
65265
65266
65267
65268
65269
65270
65271
65272
65273
65274
65275
65276
65277
65278
65279
65283
65287
65291
65295
65297
65299
65301
65303
65305
65307
65309
65311
65314
65315
65318
65319
65322
65323
65326
65327
65328
65329
65330
65331
65332
65333
65334
65335
65336
65337
65338
65339
65340
65341
65342
65343
65347
65351
65355
65359
65361
65363
65365
65367
65369
65371
65373
65375
65378
65379
65382
65383
65386
65387
65390
65391
65392
65393
65394
65395
65396
65397
65398
65399
65400
65401
65402
65403
65404
65405
65406
65407
65411
65415
65419
65423
65425
65427
65429
65431
65433
65435
65437
65439
65442
65443
65446
65447
65450
65451
65454
65455
65456
65457
65458
65459
65460
65461
65462
65463
65464
65465
65466
65467
65468
65469
65470
65471
65475
65479
65483
65487
65489
65491
65493
65495
65497
65499
65501
65503
65506
65507
65510
65511
65514
65515
65518
65519
65520
65521
65522
65523
65524
65525
65526
65527
65528
65529
65530
65531
65532
65533
65534
65535
