0
30
31
62
63
78
79
90
91
94
95
108
109
110
111
120
121
122
123
124
125
126
127
150
151
158
159
182
183
190
191
198
199
206
207
214
215
218
219
222
223
228
229
230
231
236
237
238
239
244
245
246
247
248
249
250
251
252
253
254
255
286
287
316
317
318
319
334
335
346
347
350
351
364
365
366
367
376
377
378
379
380
381
382
383
406
407
414
415
436
437
438
439
444
445
446
447
454
455
462
463
466
467
470
471
474
475
478
479
484
485
486
487
492
493
494
495
496
497
498
499
500
501
502
503
504
505
506
507
508
509
510
511
