0
1071
1087
1135
1151
1199
1215
1263
1279
1327
1343
1391
1407
1455
1471
1519
1535
1583
1599
1647
1663
1711
1727
1775
1791
1839
1855
1903
1919
1967
1983
2031
2047
3119
3135
3183
3199
3247
3263
3311
3327
3375
3391
3439
3455
3503
3519
3567
3583
3631
3647
3695
3711
3759
3775
3823
3839
3887
3903
3951
3967
4015
4031
4079
4095
4479
4607
4991
5119
5167
5183
5231
5247
5295
5311
5359
5375
5423
5425
5427
5429
5431
5433
5435
5437
5439
5487
5489
5491
5493
5495
5497
5499
5501
5503
5551
5553
5555
5557
5559
5561
5563
5565
5567
5615
5617
5619
5621
5623
5625
5627
5629
5631
5679
5695
5743
5759
5807
5823
5871
5887
5935
5937
5939
5941
5943
5945
5947
5949
5951
5999
6001
6003
6005
6007
6009
6011
6013
6015
6063
6065
6067
6069
6071
6073
6075
6077
6079
6127
6129
6131
6133
6135
6137
6139
6141
6143
6527
6655
7039
7167
7215
7231
7279
7295
7343
7359
7407
7423
7471
7473
7475
7477
7479
7481
7483
7485
7487
7535
7537
7539
7541
7543
7545
7547
7549
7551
7599
7601
7603
7605
7607
7609
7611
7613
7615
7663
7665
7667
7669
7671
7673
7675
7677
7679
7727
7743
7791
7807
7855
7871
7919
7935
7983
7985
7987
7989
7991
7993
7995
7997
7999
8047
8049
8051
8053
8055
8057
8059
8061
8063
8111
8113
8115
8117
8119
8121
8123
8125
8127
8175
8177
8179
8181
8183
8185
8187
8189
8191
9263
9279
9327
9343
9391
9407
9455
9471
9519
9535
9583
9599
9647
9663
9711
9727
9775
9791
9839
9855
9903
9919
9967
9983
10031
10047
10095
10111
10159
10175
10223
10239
11311
11327
11375
11391
11439
11455
11503
11519
11567
11583
11631
11647
11695
11711
11759
11775
11823
11839
11887
11903
11951
11967
12015
12031
12079
12095
12143
12159
12207
12223
12271
12287
12671
12799
13183
13311
13359
13375
13423
13439
13487
13503
13551
13567
13615
13617
13619
13621
13623
13625
13627
13629
13631
13679
13681
13683
13685
13687
13689
13691
13693
13695
13743
13745
13747
13749
13751
13753
13755
13757
13759
13807
13809
13811
13813
13815
13817
13819
13821
13823
13871
13887
13935
13951
13999
14015
14063
14079
14127
14129
14131
14133
14135
14137
14139
14141
14143
14191
14193
14195
14197
14199
14201
14203
14205
14207
14255
14257
14259
14261
14263
14265
14267
14269
14271
14319
14321
14323
14325
14327
14329
14331
14333
14335
14719
14847
15231
15359
15407
15423
15471
15487
15535
15551
15599
15615
15663
15665
15667
15669
15671
15673
15675
15677
15679
15727
15729
15731
15733
15735
15737
15739
15741
15743
15791
15793
15795
15797
15799
15801
15803
15805
15807
15855
15857
15859
15861
15863
15865
15867
15869
15871
15919
15935
15983
15999
16047
16063
16111
16127
16175
16177
16179
16181
16183
16185
16187
16189
16191
16239
16241
16243
16245
16247
16249
16251
16253
16255
16303
16305
16307
16309
16311
16313
16315
16317
16319
16367
16369
16371
16373
16375
16377
16379
16381
16383
17455
17471
17519
17535
17583
17599
17647
17663
17711
17727
17775
17791
17839
17855
17903
17919
17967
17983
18031
18047
18095
18111
18159
18175
18223
18239
18287
18303
18351
18367
18415
18431
19503
19519
19567
19583
19631
19647
19695
19711
19759
19775
19823
19839
19887
19903
19951
19967
20015
20031
20079
20095
20143
20159
20207
20223
20271
20287
20335
20351
20399
20415
20463
20479
20863
20991
21375
21503
21551
21567
21615
21631
21679
21695
21743
21759
21807
21809
21811
21813
21815
21817
21819
21821
21823
21871
21873
21875
21877
21879
21881
21883
21885
21887
21935
21937
21939
21941
21943
21945
21947
21949
21951
21999
22001
22003
22005
22007
22009
22011
22013
22015
22063
22079
22127
22143
22191
22207
22255
22271
22319
22321
22323
22325
22327
22329
22331
22333
22335
22383
22385
22387
22389
22391
22393
22395
22397
22399
22447
22449
22451
22453
22455
22457
22459
22461
22463
22511
22513
22515
22517
22519
22521
22523
22525
22527
22911
23039
23423
23551
23599
23615
23663
23679
23727
23743
23791
23807
23855
23857
23859
23861
23863
23865
23867
23869
23871
23919
23921
23923
23925
23927
23929
23931
23933
23935
23983
23985
23987
23989
23991
23993
23995
23997
23999
24047
24049
24051
24053
24055
24057
24059
24061
24063
24111
24127
24175
24191
24239
24255
24303
24319
24367
24369
24371
24373
24375
24377
24379
24381
24383
24431
24433
24435
24437
24439
24441
24443
24445
24447
24495
24497
24499
24501
24503
24505
24507
24509
24511
24559
24561
24563
24565
24567
24569
24571
24573
24575
25647
25663
25711
25727
25775
25791
25839
25855
25903
25919
25967
25983
26031
26047
26095
26111
26159
26175
26223
26239
26287
26303
26351
26367
26415
26431
26479
26495
26543
26559
26607
26623
27695
27711
27759
27775
27823
27839
27887
27903
27951
27967
28015
28031
28079
28095
28143
28159
28207
28223
28271
28287
28335
28351
28399
28415
28463
28479
28527
28543
28591
28607
28655
28671
29055
29183
29567
29695
29743
29759
29807
29823
29871
29887
29935
29951
29999
30001
30003
30005
30007
30009
30011
30013
30015
30063
30065
30067
30069
30071
30073
30075
30077
30079
30127
30129
30131
30133
30135
30137
30139
30141
30143
30191
30193
30195
30197
30199
30201
30203
30205
30207
30255
30271
30319
30335
30383
30399
30447
30463
30511
30513
30515
30517
30519
30521
30523
30525
30527
30575
30577
30579
30581
30583
30585
30587
30589
30591
30639
30641
30643
30645
30647
30649
30651
30653
30655
30703
30705
30707
30709
30711
30713
30715
30717
30719
31103
31231
31615
31743
31791
31807
31855
31871
31919
31935
31983
31999
32047
32049
32051
32053
32055
32057
32059
32061
32063
32111
32113
32115
32117
32119
32121
32123
32125
32127
32175
32177
32179
32181
32183
32185
32187
32189
32191
32239
32241
32243
32245
32247
32249
32251
32253
32255
32303
32319
32367
32383
32431
32447
32495
32511
32559
32561
32563
32565
32567
32569
32571
32573
32575
32623
32625
32627
32629
32631
32633
32635
32637
32639
32687
32689
32691
32693
32695
32697
32699
32701
32703
32751
32753
32755
32757
32759
32761
32763
32765
32767
32815
32831
32879
32895
32943
32959
33007
33023
33071
33081
33083
33085
33087
33135
33145
33147
33149
33151
33199
33209
33211
33213
33215
33263
33273
33275
33277
33279
33327
33343
33391
33407
33455
33471
33519
33535
33583
33593
33595
33597
33599
33647
33657
33659
33661
33663
33711
33721
33723
33725
33727
33775
33785
33787
33789
33791
33807
33821
33823
33838
33839
33852
33853
33854
33855
33871
33885
33887
33902
33903
33916
33917
33918
33919
33935
33949
33951
33966
33967
33980
33981
33982
33983
33999
34013
34015
34030
34031
34044
34045
34046
34047
34059
34063
34073
34075
34077
34079
34090
34091
34094
34095
34104
34105
34106
34107
34108
34109
34110
34111
34123
34127
34137
34139
34141
34143
34154
34155
34158
34159
34168
34169
34170
34171
34172
34173
34174
34175
34187
34191
34201
34203
34205
34207
34218
34219
34222
34223
34232
34233
34234
34235
34236
34237
34238
34239
34251
34255
34265
34267
34269
34271
34282
34283
34286
34287
34296
34297
34298
34299
34300
34301
34302
34303
34319
34333
34335
34350
34351
34364
34365
34366
34367
34383
34397
34399
34414
34415
34428
34429
34430
34431
34447
34461
34463
34478
34479
34492
34493
34494
34495
34511
34525
34527
34542
34543
34556
34557
34558
34559
34571
34575
34585
34587
34589
34591
34602
34603
34606
34607
34616
34617
34618
34619
34620
34621
34622
34623
34635
34639
34649
34651
34653
34655
34666
34667
34670
34671
34680
34681
34682
34683
34684
34685
34686
34687
34699
34703
34713
34715
34717
34719
34730
34731
34734
34735
34744
34745
34746
34747
34748
34749
34750
34751
34763
34767
34777
34779
34781
34783
34794
34795
34798
34799
34808
34809
34810
34811
34812
34813
34814
34815
34863
34879
34927
34943
34991
35007
35055
35071
35119
35129
35131
35133
35135
35183
35193
35195
35197
35199
35247
35257
35259
35261
35263
35311
35321
35323
35325
35327
35375
35391
35439
35455
35503
35519
35567
35583
35631
35641
35643
35645
35647
35695
35705
35707
35709
35711
35759
35769
35771
35773
35775
35823
35833
35835
35837
35839
35855
35869
35871
35886
35887
35900
35901
35902
35903
35919
35933
35935
35950
35951
35964
35965
35966
35967
35983
35997
35999
36014
36015
36028
36029
36030
36031
36047
36061
36063
36078
36079
36092
36093
36094
36095
36107
36111
36121
36123
36125
36127
36138
36139
36142
36143
36152
36153
36154
36155
36156
36157
36158
36159
36171
36175
36185
36187
36189
36191
36202
36203
36206
36207
36216
36217
36218
36219
36220
36221
36222
36223
36235
36239
36249
36251
36253
36255
36266
36267
36270
36271
36280
36281
36282
36283
36284
36285
36286
36287
36299
36303
36313
36315
36317
36319
36330
36331
36334
36335
36344
36345
36346
36347
36348
36349
36350
36351
36367
36381
36383
36398
36399
36412
36413
36414
36415
36431
36445
36447
36462
36463
36476
36477
36478
36479
36495
36509
36511
36526
36527
36540
36541
36542
36543
36559
36573
36575
36590
36591
36604
36605
36606
36607
36619
36623
36633
36635
36637
36639
36650
36651
36654
36655
36664
36665
36666
36667
36668
36669
36670
36671
36683
36687
36697
36699
36701
36703
36714
36715
36718
36719
36728
36729
36730
36731
36732
36733
36734
36735
36747
36751
36761
36763
36765
36767
36778
36779
36782
36783
36792
36793
36794
36795
36796
36797
36798
36799
36811
36815
36825
36827
36829
36831
36842
36843
36846
36847
36856
36857
36858
36859
36860
36861
36862
36863
36903
36911
36919
36927
36967
36975
36983
36991
37031
37039
37047
37055
37095
37103
37111
37119
37159
37167
37169
37171
37173
37175
37177
37179
37181
37183
37223
37231
37233
37235
37237
37239
37241
37243
37245
37247
37287
37295
37297
37299
37301
37303
37305
37307
37309
37311
37351
37359
37361
37363
37365
37367
37369
37371
37373
37375
37415
37423
37431
37439
37479
37487
37495
37503
37543
37551
37559
37567
37607
37615
37623
37631
37671
37679
37681
37683
37685
37687
37689
37691
37693
37695
37735
37743
37745
37747
37749
37751
37753
37755
37757
37759
37799
37807
37809
37811
37813
37815
37817
37819
37821
37823
37863
37871
37873
37875
37877
37879
37881
37883
37885
37887
37895
37903
37909
37911
37917
37919
37926
37927
37934
37935
37940
37941
37942
37943
37948
37949
37950
37951
37959
37967
37973
37975
37981
37983
37990
37991
37998
37999
38004
38005
38006
38007
38012
38013
38014
38015
38023
38031
38037
38039
38045
38047
38054
38055
38062
38063
38068
38069
38070
38071
38076
38077
38078
38079
38087
38095
38101
38103
38109
38111
38118
38119
38126
38127
38132
38133
38134
38135
38140
38141
38142
38143
38147
38151
38155
38159
38161
38163
38165
38167
38169
38171
38173
38175
38178
38179
38182
38183
38186
38187
38190
38191
38192
38193
38194
38195
38196
38197
38198
38199
38200
38201
38202
38203
38204
38205
38206
38207
38211
38215
38219
38223
38225
38227
38229
38231
38233
38235
38237
38239
38242
38243
38246
38247
38250
38251
38254
38255
38256
38257
38258
38259
38260
38261
38262
38263
38264
38265
38266
38267
38268
38269
38270
38271
38275
38279
38283
38287
38289
38291
38293
38295
38297
38299
38301
38303
38306
38307
38310
38311
38314
38315
38318
38319
38320
38321
38322
38323
38324
38325
38326
38327
38328
38329
38330
38331
38332
38333
38334
38335
38339
38343
38347
38351
38353
38355
38357
38359
38361
38363
38365
38367
38370
38371
38374
38375
38378
38379
38382
38383
38384
38385
38386
38387
38388
38389
38390
38391
38392
38393
38394
38395
38396
38397
38398
38399
38407
38415
38421
38423
38429
38431
38438
38439
38446
38447
38452
38453
38454
38455
38460
38461
38462
38463
38471
38479
38485
38487
38493
38495
38502
38503
38510
38511
38516
38517
38518
38519
38524
38525
38526
38527
38535
38543
38549
38551
38557
38559
38566
38567
38574
38575
38580
38581
38582
38583
38588
38589
38590
38591
38599
38607
38613
38615
38621
38623
38630
38631
38638
38639
38644
38645
38646
38647
38652
38653
38654
38655
38659
38663
38667
38671
38673
38675
38677
38679
38681
38683
38685
38687
38690
38691
38694
38695
38698
38699
38702
38703
38704
38705
38706
38707
38708
38709
38710
38711
38712
38713
38714
38715
38716
38717
38718
38719
38723
38727
38731
38735
38737
38739
38741
38743
38745
38747
38749
38751
38754
38755
38758
38759
38762
38763
38766
38767
38768
38769
38770
38771
38772
38773
38774
38775
38776
38777
38778
38779
38780
38781
38782
38783
38787
38791
38795
38799
38801
38803
38805
38807
38809
38811
38813
38815
38818
38819
38822
38823
38826
38827
38830
38831
38832
38833
38834
38835
38836
38837
38838
38839
38840
38841
38842
38843
38844
38845
38846
38847
38851
38855
38859
38863
38865
38867
38869
38871
38873
38875
38877
38879
38882
38883
38886
38887
38890
38891
38894
38895
38896
38897
38898
38899
38900
38901
38902
38903
38904
38905
38906
38907
38908
38909
38910
38911
38951
38959
38967
38975
39015
39023
39031
39039
39079
39087
39095
39103
39143
39151
39159
39167
39207
39215
39217
39219
39221
39223
39225
39227
39229
39231
39271
39279
39281
39283
39285
39287
39289
39291
39293
39295
39335
39343
39345
39347
39349
39351
39353
39355
39357
39359
39399
39407
39409
39411
39413
39415
39417
39419
39421
39423
39463
39471
39479
39487
39527
39535
39543
39551
39591
39599
39607
39615
39655
39663
39671
39679
39719
39727
39729
39731
39733
39735
39737
39739
39741
39743
39783
39791
39793
39795
39797
39799
39801
39803
39805
39807
39847
39855
39857
39859
39861
39863
39865
39867
39869
39871
39911
39919
39921
39923
39925
39927
39929
39931
39933
39935
39943
39951
39957
39959
39965
39967
39974
39975
39982
39983
39988
39989
39990
39991
39996
39997
39998
39999
40007
40015
40021
40023
40029
40031
40038
40039
40046
40047
40052
40053
40054
40055
40060
40061
40062
40063
40071
40079
40085
40087
40093
40095
40102
40103
40110
40111
40116
40117
40118
40119
40124
40125
40126
40127
40135
40143
40149
40151
40157
40159
40166
40167
40174
40175
40180
40181
40182
40183
40188
40189
40190
40191
40195
40199
40203
40207
40209
40211
40213
40215
40217
40219
40221
40223
40226
40227
40230
40231
40234
40235
40238
40239
40240
40241
40242
40243
40244
40245
40246
40247
40248
40249
40250
40251
40252
40253
40254
40255
40259
40263
40267
40271
40273
40275
40277
40279
40281
40283
40285
40287
40290
40291
40294
40295
40298
40299
40302
40303
40304
40305
40306
40307
40308
40309
40310
40311
40312
40313
40314
40315
40316
40317
40318
40319
40323
40327
40331
40335
40337
40339
40341
40343
40345
40347
40349
40351
40354
40355
40358
40359
40362
40363
40366
40367
40368
40369
40370
40371
40372
40373
40374
40375
40376
40377
40378
40379
40380
40381
40382
40383
40387
40391
40395
40399
40401
40403
40405
40407
40409
40411
40413
40415
40418
40419
40422
40423
40426
40427
40430
40431
40432
40433
40434
40435
40436
40437
40438
40439
40440
40441
40442
40443
40444
40445
40446
40447
40455
40463
40469
40471
40477
40479
40486
40487
40494
40495
40500
40501
40502
40503
40508
40509
40510
40511
40519
40527
40533
40535
40541
40543
40550
40551
40558
40559
40564
40565
40566
40567
40572
40573
40574
40575
40583
40591
40597
40599
40605
40607
40614
40615
40622
40623
40628
40629
40630
40631
40636
40637
40638
40639
40647
40655
40661
40663
40669
40671
40678
40679
40686
40687
40692
40693
40694
40695
40700
40701
40702
40703
40707
40711
40715
40719
40721
40723
40725
40727
40729
40731
40733
40735
40738
40739
40742
40743
40746
40747
40750
40751
40752
40753
40754
40755
40756
40757
40758
40759
40760
40761
40762
40763
40764
40765
40766
40767
40771
40775
40779
40783
40785
40787
40789
40791
40793
40795
40797
40799
40802
40803
40806
40807
40810
40811
40814
40815
40816
40817
40818
40819
40820
40821
40822
40823
40824
40825
40826
40827
40828
40829
40830
40831
40835
40839
40843
40847
40849
40851
40853
40855
40857
40859
40861
40863
40866
40867
40870
40871
40874
40875
40878
40879
40880
40881
40882
40883
40884
40885
40886
40887
40888
40889
40890
40891
40892
40893
40894
40895
40899
40903
40907
40911
40913
40915
40917
40919
40921
40923
40925
40927
40930
40931
40934
40935
40938
40939
40942
40943
40944
40945
40946
40947
40948
40949
40950
40951
40952
40953
40954
40955
40956
40957
40958
40959
41007
41023
41071
41087
41135
41151
41199
41215
41263
41273
41275
41277
41279
41327
41337
41339
41341
41343
41391
41401
41403
41405
41407
41455
41465
41467
41469
41471
41519
41535
41583
41599
41647
41663
41711
41727
41775
41785
41787
41789
41791
41839
41849
41851
41853
41855
41903
41913
41915
41917
41919
41967
41977
41979
41981
41983
41999
42013
42015
42030
42031
42044
42045
42046
42047
42063
42077
42079
42094
42095
42108
42109
42110
42111
42127
42141
42143
42158
42159
42172
42173
42174
42175
42191
42205
42207
42222
42223
42236
42237
42238
42239
42251
42255
42265
42267
42269
42271
42282
42283
42286
42287
42296
42297
42298
42299
42300
42301
42302
42303
42315
42319
42329
42331
42333
42335
42346
42347
42350
42351
42360
42361
42362
42363
42364
42365
42366
42367
42379
42383
42393
42395
42397
42399
42410
42411
42414
42415
42424
42425
42426
42427
42428
42429
42430
42431
42443
42447
42457
42459
42461
42463
42474
42475
42478
42479
42488
42489
42490
42491
42492
42493
42494
42495
42511
42525
42527
42542
42543
42556
42557
42558
42559
42575
42589
42591
42606
42607
42620
42621
42622
42623
42639
42653
42655
42670
42671
42684
42685
42686
42687
42703
42717
42719
42734
42735
42748
42749
42750
42751
42763
42767
42777
42779
42781
42783
42794
42795
42798
42799
42808
42809
42810
42811
42812
42813
42814
42815
42827
42831
42841
42843
42845
42847
42858
42859
42862
42863
42872
42873
42874
42875
42876
42877
42878
42879
42891
42895
42905
42907
42909
42911
42922
42923
42926
42927
42936
42937
42938
42939
42940
42941
42942
42943
42955
42959
42969
42971
42973
42975
42986
42987
42990
42991
43000
43001
43002
43003
43004
43005
43006
43007
43055
43071
43119
43135
43183
43199
43247
43263
43311
43321
43323
43325
43327
43375
43385
43387
43389
43391
43439
43449
43451
43453
43455
43503
43513
43515
43517
43519
43567
43583
43631
43647
43695
43711
43759
43775
43823
43833
43835
43837
43839
43887
43897
43899
43901
43903
43951
43961
43963
43965
43967
44015
44025
44027
44029
44031
44047
44061
44063
44078
44079
44092
44093
44094
44095
44111
44125
44127
44142
44143
44156
44157
44158
44159
44175
44189
44191
44206
44207
44220
44221
44222
44223
44239
44253
44255
44270
44271
44284
44285
44286
44287
44299
44303
44313
44315
44317
44319
44330
44331
44334
44335
44344
44345
44346
44347
44348
44349
44350
44351
44363
44367
44377
44379
44381
44383
44394
44395
44398
44399
44408
44409
44410
44411
44412
44413
44414
44415
44427
44431
44441
44443
44445
44447
44458
44459
44462
44463
44472
44473
44474
44475
44476
44477
44478
44479
44491
44495
44505
44507
44509
44511
44522
44523
44526
44527
44536
44537
44538
44539
44540
44541
44542
44543
44559
44573
44575
44590
44591
44604
44605
44606
44607
44623
44637
44639
44654
44655
44668
44669
44670
44671
44687
44701
44703
44718
44719
44732
44733
44734
44735
44751
44765
44767
44782
44783
44796
44797
44798
44799
44811
44815
44825
44827
44829
44831
44842
44843
44846
44847
44856
44857
44858
44859
44860
44861
44862
44863
44875
44879
44889
44891
44893
44895
44906
44907
44910
44911
44920
44921
44922
44923
44924
44925
44926
44927
44939
44943
44953
44955
44957
44959
44970
44971
44974
44975
44984
44985
44986
44987
44988
44989
44990
44991
45003
45007
45017
45019
45021
45023
45034
45035
45038
45039
45048
45049
45050
45051
45052
45053
45054
45055
45095
45103
45111
45119
45159
45167
45175
45183
45223
45231
45239
45247
45287
45295
45303
45311
45351
45359
45361
45363
45365
45367
45369
45371
45373
45375
45415
45423
45425
45427
45429
45431
45433
45435
45437
45439
45479
45487
45489
45491
45493
45495
45497
45499
45501
45503
45543
45551
45553
45555
45557
45559
45561
45563
45565
45567
45607
45615
45623
45631
45671
45679
45687
45695
45735
45743
45751
45759
45799
45807
45815
45823
45863
45871
45873
45875
45877
45879
45881
45883
45885
45887
45927
45935
45937
45939
45941
45943
45945
45947
45949
45951
45991
45999
46001
46003
46005
46007
46009
46011
46013
46015
46055
46063
46065
46067
46069
46071
46073
46075
46077
46079
46087
46095
46101
46103
46109
46111
46118
46119
46126
46127
46132
46133
46134
46135
46140
46141
46142
46143
46151
46159
46165
46167
46173
46175
46182
46183
46190
46191
46196
46197
46198
46199
46204
46205
46206
46207
46215
46223
46229
46231
46237
46239
46246
46247
46254
46255
46260
46261
46262
46263
46268
46269
46270
46271
46279
46287
46293
46295
46301
46303
46310
46311
46318
46319
46324
46325
46326
46327
46332
46333
46334
46335
46339
46343
46347
46351
46353
46355
46357
46359
46361
46363
46365
46367
46370
46371
46374
46375
46378
46379
46382
46383
46384
46385
46386
46387
46388
46389
46390
46391
46392
46393
46394
46395
46396
46397
46398
46399
46403
46407
46411
46415
46417
46419
46421
46423
46425
46427
46429
46431
46434
46435
46438
46439
46442
46443
46446
46447
46448
46449
46450
46451
46452
46453
46454
46455
46456
46457
46458
46459
46460
46461
46462
46463
46467
46471
46475
46479
46481
46483
46485
46487
46489
46491
46493
46495
46498
46499
46502
46503
46506
46507
46510
46511
46512
46513
46514
46515
46516
46517
46518
46519
46520
46521
46522
46523
46524
46525
46526
46527
46531
46535
46539
46543
46545
46547
46549
46551
46553
46555
46557
46559
46562
46563
46566
46567
46570
46571
46574
46575
46576
46577
46578
46579
46580
46581
46582
46583
46584
46585
46586
46587
46588
46589
46590
46591
46599
46607
46613
46615
46621
46623
46630
46631
46638
46639
46644
46645
46646
46647
46652
46653
46654
46655
46663
46671
46677
46679
46685
46687
46694
46695
46702
46703
46708
46709
46710
46711
46716
46717
46718
46719
46727
46735
46741
46743
46749
46751
46758
46759
46766
46767
46772
46773
46774
46775
46780
46781
46782
46783
46791
46799
46805
46807
46813
46815
46822
46823
46830
46831
46836
46837
46838
46839
46844
46845
46846
46847
46851
46855
46859
46863
46865
46867
46869
46871
46873
46875
46877
46879
46882
46883
46886
46887
46890
46891
46894
46895
46896
46897
46898
46899
46900
46901
46902
46903
46904
46905
46906
46907
46908
46909
46910
46911
46915
46919
46923
46927
46929
46931
46933
46935
46937
46939
46941
46943
46946
46947
46950
46951
46954
46955
46958
46959
46960
46961
46962
46963
46964
46965
46966
46967
46968
46969
46970
46971
46972
46973
46974
46975
46979
46983
46987
46991
46993
46995
46997
46999
47001
47003
47005
47007
47010
47011
47014
47015
47018
47019
47022
47023
47024
47025
47026
47027
47028
47029
47030
47031
47032
47033
47034
47035
47036
47037
47038
47039
47043
47047
47051
47055
47057
47059
47061
47063
47065
47067
47069
47071
47074
47075
47078
47079
47082
47083
47086
47087
47088
47089
47090
47091
47092
47093
47094
47095
47096
47097
47098
47099
47100
47101
47102
47103
47143
47151
47159
47167
47207
47215
47223
47231
47271
47279
47287
47295
47335
47343
47351
47359
47399
47407
47409
47411
47413
47415
47417
47419
47421
47423
47463
47471
47473
47475
47477
47479
47481
47483
47485
47487
47527
47535
47537
47539
47541
47543
47545
47547
47549
47551
47591
47599
47601
47603
47605
47607
47609
47611
47613
47615
47655
47663
47671
47679
47719
47727
47735
47743
47783
47791
47799
47807
47847
47855
47863
47871
47911
47919
47921
47923
47925
47927
47929
47931
47933
47935
47975
47983
47985
47987
47989
47991
47993
47995
47997
47999
48039
48047
48049
48051
48053
48055
48057
48059
48061
48063
48103
48111
48113
48115
48117
48119
48121
48123
48125
48127
48135
48143
48149
48151
48157
48159
48166
48167
48174
48175
48180
48181
48182
48183
48188
48189
48190
48191
48199
48207
48213
48215
48221
48223
48230
48231
48238
48239
48244
48245
48246
48247
48252
48253
48254
48255
48263
48271
48277
48279
48285
48287
48294
48295
48302
48303
48308
48309
48310
48311
48316
48317
48318
48319
48327
48335
48341
48343
48349
48351
48358
48359
48366
48367
48372
48373
48374
48375
48380
48381
48382
48383
48387
48391
48395
48399
48401
48403
48405
48407
48409
48411
48413
48415
48418
48419
48422
48423
48426
48427
48430
48431
48432
48433
48434
48435
48436
48437
48438
48439
48440
48441
48442
48443
48444
48445
48446
48447
48451
48455
48459
48463
48465
48467
48469
48471
48473
48475
48477
48479
48482
48483
48486
48487
48490
48491
48494
48495
48496
48497
48498
48499
48500
48501
48502
48503
48504
48505
48506
48507
48508
48509
48510
48511
48515
48519
48523
48527
48529
48531
48533
48535
48537
48539
48541
48543
48546
48547
48550
48551
48554
48555
48558
48559
48560
48561
48562
48563
48564
48565
48566
48567
48568
48569
48570
48571
48572
48573
48574
48575
48579
48583
48587
48591
48593
48595
48597
48599
48601
48603
48605
48607
48610
48611
48614
48615
48618
48619
48622
48623
48624
48625
48626
48627
48628
48629
48630
48631
48632
48633
48634
48635
48636
48637
48638
48639
48647
48655
48661
48663
48669
48671
48678
48679
48686
48687
48692
48693
48694
48695
48700
48701
48702
48703
48711
48719
48725
48727
48733
48735
48742
48743
48750
48751
48756
48757
48758
48759
48764
48765
48766
48767
48775
48783
48789
48791
48797
48799
48806
48807
48814
48815
48820
48821
48822
48823
48828
48829
48830
48831
48839
48847
48853
48855
48861
48863
48870
48871
48878
48879
48884
48885
48886
48887
48892
48893
48894
48895
48899
48903
48907
48911
48913
48915
48917
48919
48921
48923
48925
48927
48930
48931
48934
48935
48938
48939
48942
48943
48944
48945
48946
48947
48948
48949
48950
48951
48952
48953
48954
48955
48956
48957
48958
48959
48963
48967
48971
48975
48977
48979
48981
48983
48985
48987
48989
48991
48994
48995
48998
48999
49002
49003
49006
49007
49008
49009
49010
49011
49012
49013
49014
49015
49016
49017
49018
49019
49020
49021
49022
49023
49027
49031
49035
49039
49041
49043
49045
49047
49049
49051
49053
49055
49058
49059
49062
49063
49066
49067
49070
49071
49072
49073
49074
49075
49076
49077
49078
49079
49080
49081
49082
49083
49084
49085
49086
49087
49091
49095
49099
49103
49105
49107
49109
49111
49113
49115
49117
49119
49122
49123
49126
49127
49130
49131
49134
49135
49136
49137
49138
49139
49140
49141
49142
49143
49144
49145
49146
49147
49148
49149
49150
49151
49199
49215
49263
49279
49327
49343
49391
49407
49455
49465
49467
49469
49471
49519
49529
49531
49533
49535
49583
49593
49595
49597
49599
49647
49657
49659
49661
49663
49711
49727
49775
49791
49839
49855
49903
49919
49967
49977
49979
49981
49983
50031
50041
50043
50045
50047
50095
50105
50107
50109
50111
50159
50169
50171
50173
50175
50191
50205
50207
50222
50223
50236
50237
50238
50239
50255
50269
50271
50286
50287
50300
50301
50302
50303
50319
50333
50335
50350
50351
50364
50365
50366
50367
50383
50397
50399
50414
50415
50428
50429
50430
50431
50443
50447
50457
50459
50461
50463
50474
50475
50478
50479
50488
50489
50490
50491
50492
50493
50494
50495
50507
50511
50521
50523
50525
50527
50538
50539
50542
50543
50552
50553
50554
50555
50556
50557
50558
50559
50571
50575
50585
50587
50589
50591
50602
50603
50606
50607
50616
50617
50618
50619
50620
50621
50622
50623
50635
50639
50649
50651
50653
50655
50666
50667
50670
50671
50680
50681
50682
50683
50684
50685
50686
50687
50703
50717
50719
50734
50735
50748
50749
50750
50751
50767
50781
50783
50798
50799
50812
50813
50814
50815
50831
50845
50847
50862
50863
50876
50877
50878
50879
50895
50909
50911
50926
50927
50940
50941
50942
50943
50955
50959
50969
50971
50973
50975
50986
50987
50990
50991
51000
51001
51002
51003
51004
51005
51006
51007
51019
51023
51033
51035
51037
51039
51050
51051
51054
51055
51064
51065
51066
51067
51068
51069
51070
51071
51083
51087
51097
51099
51101
51103
51114
51115
51118
51119
51128
51129
51130
51131
51132
51133
51134
51135
51147
51151
51161
51163
51165
51167
51178
51179
51182
51183
51192
51193
51194
51195
51196
51197
51198
51199
51247
51263
51311
51327
51375
51391
51439
51455
51503
51513
51515
51517
51519
51567
51577
51579
51581
51583
51631
51641
51643
51645
51647
51695
51705
51707
51709
51711
51759
51775
51823
51839
51887
51903
51951
51967
52015
52025
52027
52029
52031
52079
52089
52091
52093
52095
52143
52153
52155
52157
52159
52207
52217
52219
52221
52223
52239
52253
52255
52270
52271
52284
52285
52286
52287
52303
52317
52319
52334
52335
52348
52349
52350
52351
52367
52381
52383
52398
52399
52412
52413
52414
52415
52431
52445
52447
52462
52463
52476
52477
52478
52479
52491
52495
52505
52507
52509
52511
52522
52523
52526
52527
52536
52537
52538
52539
52540
52541
52542
52543
52555
52559
52569
52571
52573
52575
52586
52587
52590
52591
52600
52601
52602
52603
52604
52605
52606
52607
52619
52623
52633
52635
52637
52639
52650
52651
52654
52655
52664
52665
52666
52667
52668
52669
52670
52671
52683
52687
52697
52699
52701
52703
52714
52715
52718
52719
52728
52729
52730
52731
52732
52733
52734
52735
52751
52765
52767
52782
52783
52796
52797
52798
52799
52815
52829
52831
52846
52847
52860
52861
52862
52863
52879
52893
52895
52910
52911
52924
52925
52926
52927
52943
52957
52959
52974
52975
52988
52989
52990
52991
53003
53007
53017
53019
53021
53023
53034
53035
53038
53039
53048
53049
53050
53051
53052
53053
53054
53055
53067
53071
53081
53083
53085
53087
53098
53099
53102
53103
53112
53113
53114
53115
53116
53117
53118
53119
53131
53135
53145
53147
53149
53151
53162
53163
53166
53167
53176
53177
53178
53179
53180
53181
53182
53183
53195
53199
53209
53211
53213
53215
53226
53227
53230
53231
53240
53241
53242
53243
53244
53245
53246
53247
53287
53295
53303
53311
53351
53359
53367
53375
53415
53423
53431
53439
53479
53487
53495
53503
53543
53551
53553
53555
53557
53559
53561
53563
53565
53567
53607
53615
53617
53619
53621
53623
53625
53627
53629
53631
53671
53679
53681
53683
53685
53687
53689
53691
53693
53695
53735
53743
53745
53747
53749
53751
53753
53755
53757
53759
53799
53807
53815
53823
53863
53871
53879
53887
53927
53935
53943
53951
53991
53999
54007
54015
54055
54063
54065
54067
54069
54071
54073
54075
54077
54079
54119
54127
54129
54131
54133
54135
54137
54139
54141
54143
54183
54191
54193
54195
54197
54199
54201
54203
54205
54207
54247
54255
54257
54259
54261
54263
54265
54267
54269
54271
54279
54287
54293
54295
54301
54303
54310
54311
54318
54319
54324
54325
54326
54327
54332
54333
54334
54335
54343
54351
54357
54359
54365
54367
54374
54375
54382
54383
54388
54389
54390
54391
54396
54397
54398
54399
54407
54415
54421
54423
54429
54431
54438
54439
54446
54447
54452
54453
54454
54455
54460
54461
54462
54463
54471
54479
54485
54487
54493
54495
54502
54503
54510
54511
54516
54517
54518
54519
54524
54525
54526
54527
54531
54535
54539
54543
54545
54547
54549
54551
54553
54555
54557
54559
54562
54563
54566
54567
54570
54571
54574
54575
54576
54577
54578
54579
54580
54581
54582
54583
54584
54585
54586
54587
54588
54589
54590
54591
54595
54599
54603
54607
54609
54611
54613
54615
54617
54619
54621
54623
54626
54627
54630
54631
54634
54635
54638
54639
54640
54641
54642
54643
54644
54645
54646
54647
54648
54649
54650
54651
54652
54653
54654
54655
54659
54663
54667
54671
54673
54675
54677
54679
54681
54683
54685
54687
54690
54691
54694
54695
54698
54699
54702
54703
54704
54705
54706
54707
54708
54709
54710
54711
54712
54713
54714
54715
54716
54717
54718
54719
54723
54727
54731
54735
54737
54739
54741
54743
54745
54747
54749
54751
54754
54755
54758
54759
54762
54763
54766
54767
54768
54769
54770
54771
54772
54773
54774
54775
54776
54777
54778
54779
54780
54781
54782
54783
54791
54799
54805
54807
54813
54815
54822
54823
54830
54831
54836
54837
54838
54839
54844
54845
54846
54847
54855
54863
54869
54871
54877
54879
54886
54887
54894
54895
54900
54901
54902
54903
54908
54909
54910
54911
54919
54927
54933
54935
54941
54943
54950
54951
54958
54959
54964
54965
54966
54967
54972
54973
54974
54975
54983
54991
54997
54999
55005
55007
55014
55015
55022
55023
55028
55029
55030
55031
55036
55037
55038
55039
55043
55047
55051
55055
55057
55059
55061
55063
55065
55067
55069
55071
55074
55075
55078
55079
55082
55083
55086
55087
55088
55089
55090
55091
55092
55093
55094
55095
55096
55097
55098
55099
55100
55101
55102
55103
55107
55111
55115
55119
55121
55123
55125
55127
55129
55131
55133
55135
55138
55139
55142
55143
55146
55147
55150
55151
55152
55153
55154
55155
55156
55157
55158
55159
55160
55161
55162
55163
55164
55165
55166
55167
55171
55175
55179
55183
55185
55187
55189
55191
55193
55195
55197
55199
55202
55203
55206
55207
55210
55211
55214
55215
55216
55217
55218
55219
55220
55221
55222
55223
55224
55225
55226
55227
55228
55229
55230
55231
55235
55239
55243
55247
55249
55251
55253
55255
55257
55259
55261
55263
55266
55267
55270
55271
55274
55275
55278
55279
55280
55281
55282
55283
55284
55285
55286
55287
55288
55289
55290
55291
55292
55293
55294
55295
55335
55343
55351
55359
55399
55407
55415
55423
55463
55471
55479
55487
55527
55535
55543
55551
55591
55599
55601
55603
55605
55607
55609
55611
55613
55615
55655
55663
55665
55667
55669
55671
55673
55675
55677
55679
55719
55727
55729
55731
55733
55735
55737
55739
55741
55743
55783
55791
55793
55795
55797
55799
55801
55803
55805
55807
55847
55855
55863
55871
55911
55919
55927
55935
55975
55983
55991
55999
56039
56047
56055
56063
56103
56111
56113
56115
56117
56119
56121
56123
56125
56127
56167
56175
56177
56179
56181
56183
56185
56187
56189
56191
56231
56239
56241
56243
56245
56247
56249
56251
56253
56255
56295
56303
56305
56307
56309
56311
56313
56315
56317
56319
56327
56335
56341
56343
56349
56351
56358
56359
56366
56367
56372
56373
56374
56375
56380
56381
56382
56383
56391
56399
56405
56407
56413
56415
56422
56423
56430
56431
56436
56437
56438
56439
56444
56445
56446
56447
56455
56463
56469
56471
56477
56479
56486
56487
56494
56495
56500
56501
56502
56503
56508
56509
56510
56511
56519
56527
56533
56535
56541
56543
56550
56551
56558
56559
56564
56565
56566
56567
56572
56573
56574
56575
56579
56583
56587
56591
56593
56595
56597
56599
56601
56603
56605
56607
56610
56611
56614
56615
56618
56619
56622
56623
56624
56625
56626
56627
56628
56629
56630
56631
56632
56633
56634
56635
56636
56637
56638
56639
56643
56647
56651
56655
56657
56659
56661
56663
56665
56667
56669
56671
56674
56675
56678
56679
56682
56683
56686
56687
56688
56689
56690
56691
56692
56693
56694
56695
56696
56697
56698
56699
56700
56701
56702
56703
56707
56711
56715
56719
56721
56723
56725
56727
56729
56731
56733
56735
56738
56739
56742
56743
56746
56747
56750
56751
56752
56753
56754
56755
56756
56757
56758
56759
56760
56761
56762
56763
56764
56765
56766
56767
56771
56775
56779
56783
56785
56787
56789
56791
56793
56795
56797
56799
56802
56803
56806
56807
56810
56811
56814
56815
56816
56817
56818
56819
56820
56821
56822
56823
56824
56825
56826
56827
56828
56829
56830
56831
56839
56847
56853
56855
56861
56863
56870
56871
56878
56879
56884
56885
56886
56887
56892
56893
56894
56895
56903
56911
56917
56919
56925
56927
56934
56935
56942
56943
56948
56949
56950
56951
56956
56957
56958
56959
56967
56975
56981
56983
56989
56991
56998
56999
57006
57007
57012
57013
57014
57015
57020
57021
57022
57023
57031
57039
57045
57047
57053
57055
57062
57063
57070
57071
57076
57077
57078
57079
57084
57085
57086
57087
57091
57095
57099
57103
57105
57107
57109
57111
57113
57115
57117
57119
57122
57123
57126
57127
57130
57131
57134
57135
57136
57137
57138
57139
57140
57141
57142
57143
57144
57145
57146
57147
57148
57149
57150
57151
57155
57159
57163
57167
57169
57171
57173
57175
57177
57179
57181
57183
57186
57187
57190
57191
57194
57195
57198
57199
57200
57201
57202
57203
57204
57205
57206
57207
57208
57209
57210
57211
57212
57213
57214
57215
57219
57223
57227
57231
57233
57235
57237
57239
57241
57243
57245
57247
57250
57251
57254
57255
57258
57259
57262
57263
57264
57265
57266
57267
57268
57269
57270
57271
57272
57273
57274
57275
57276
57277
57278
57279
57283
57287
57291
57295
57297
57299
57301
57303
57305
57307
57309
57311
57314
57315
57318
57319
57322
57323
57326
57327
57328
57329
57330
57331
57332
57333
57334
57335
57336
57337
57338
57339
57340
57341
57342
57343
57391
57407
57455
57471
57519
57535
57583
57599
57647
57657
57659
57661
57663
57711
57721
57723
57725
57727
57775
57785
57787
57789
57791
57839
57849
57851
57853
57855
57903
57919
57967
57983
58031
58047
58095
58111
58159
58169
58171
58173
58175
58223
58233
58235
58237
58239
58287
58297
58299
58301
58303
58351
58361
58363
58365
58367
58383
58397
58399
58414
58415
58428
58429
58430
58431
58447
58461
58463
58478
58479
58492
58493
58494
58495
58511
58525
58527
58542
58543
58556
58557
58558
58559
58575
58589
58591
58606
58607
58620
58621
58622
58623
58635
58639
58649
58651
58653
58655
58666
58667
58670
58671
58680
58681
58682
58683
58684
58685
58686
58687
58699
58703
58713
58715
58717
58719
58730
58731
58734
58735
58744
58745
58746
58747
58748
58749
58750
58751
58763
58767
58777
58779
58781
58783
58794
58795
58798
58799
58808
58809
58810
58811
58812
58813
58814
58815
58827
58831
58841
58843
58845
58847
58858
58859
58862
58863
58872
58873
58874
58875
58876
58877
58878
58879
58895
58909
58911
58926
58927
58940
58941
58942
58943
58959
58973
58975
58990
58991
59004
59005
59006
59007
59023
59037
59039
59054
59055
59068
59069
59070
59071
59087
59101
59103
59118
59119
59132
59133
59134
59135
59147
59151
59161
59163
59165
59167
59178
59179
59182
59183
59192
59193
59194
59195
59196
59197
59198
59199
59211
59215
59225
59227
59229
59231
59242
59243
59246
59247
59256
59257
59258
59259
59260
59261
59262
59263
59275
59279
59289
59291
59293
59295
59306
59307
59310
59311
59320
59321
59322
59323
59324
59325
59326
59327
59339
59343
59353
59355
59357
59359
59370
59371
59374
59375
59384
59385
59386
59387
59388
59389
59390
59391
59439
59455
59503
59519
59567
59583
59631
59647
59695
59705
59707
59709
59711
59759
59769
59771
59773
59775
59823
59833
59835
59837
59839
59887
59897
59899
59901
59903
59951
59967
60015
60031
60079
60095
60143
60159
60207
60217
60219
60221
60223
60271
60281
60283
60285
60287
60335
60345
60347
60349
60351
60399
60409
60411
60413
60415
60431
60445
60447
60462
60463
60476
60477
60478
60479
60495
60509
60511
60526
60527
60540
60541
60542
60543
60559
60573
60575
60590
60591
60604
60605
60606
60607
60623
60637
60639
60654
60655
60668
60669
60670
60671
60683
60687
60697
60699
60701
60703
60714
60715
60718
60719
60728
60729
60730
60731
60732
60733
60734
60735
60747
60751
60761
60763
60765
60767
60778
60779
60782
60783
60792
60793
60794
60795
60796
60797
60798
60799
60811
60815
60825
60827
60829
60831
60842
60843
60846
60847
60856
60857
60858
60859
60860
60861
60862
60863
60875
60879
60889
60891
60893
60895
60906
60907
60910
60911
60920
60921
60922
60923
60924
60925
60926
60927
60943
60957
60959
60974
60975
60988
60989
60990
60991
61007
61021
61023
61038
61039
61052
61053
61054
61055
61071
61085
61087
61102
61103
61116
61117
61118
61119
61135
61149
61151
61166
61167
61180
61181
61182
61183
61195
61199
61209
61211
61213
61215
61226
61227
61230
61231
61240
61241
61242
61243
61244
61245
61246
61247
61259
61263
61273
61275
61277
61279
61290
61291
61294
61295
61304
61305
61306
61307
61308
61309
61310
61311
61323
61327
61337
61339
61341
61343
61354
61355
61358
61359
61368
61369
61370
61371
61372
61373
61374
61375
61387
61391
61401
61403
61405
61407
61418
61419
61422
61423
61432
61433
61434
61435
61436
61437
61438
61439
61479
61487
61495
61503
61543
61551
61559
61567
61607
61615
61623
61631
61671
61679
61687
61695
61735
61743
61745
61747
61749
61751
61753
61755
61757
61759
61799
61807
61809
61811
61813
61815
61817
61819
61821
61823
61863
61871
61873
61875
61877
61879
61881
61883
61885
61887
61927
61935
61937
61939
61941
61943
61945
61947
61949
61951
61991
61999
62007
62015
62055
62063
62071
62079
62119
62127
62135
62143
62183
62191
62199
62207
62247
62255
62257
62259
62261
62263
62265
62267
62269
62271
62311
62319
62321
62323
62325
62327
62329
62331
62333
62335
62375
62383
62385
62387
62389
62391
62393
62395
62397
62399
62439
62447
62449
62451
62453
62455
62457
62459
62461
62463
62471
62479
62485
62487
62493
62495
62502
62503
62510
62511
62516
62517
62518
62519
62524
62525
62526
62527
62535
62543
62549
62551
62557
62559
62566
62567
62574
62575
62580
62581
62582
62583
62588
62589
62590
62591
62599
62607
62613
62615
62621
62623
62630
62631
62638
62639
62644
62645
62646
62647
62652
62653
62654
62655
62663
62671
62677
62679
62685
62687
62694
62695
62702
62703
62708
62709
62710
62711
62716
62717
62718
62719
62723
62727
62731
62735
62737
62739
62741
62743
62745
62747
62749
62751
62754
62755
62758
62759
62762
62763
62766
62767
62768
62769
62770
62771
62772
62773
62774
62775
62776
62777
62778
62779
62780
62781
62782
62783
62787
62791
62795
62799
62801
62803
62805
62807
62809
62811
62813
62815
62818
62819
62822
62823
62826
62827
62830
62831
62832
62833
62834
62835
62836
62837
62838
62839
62840
62841
62842
62843
62844
62845
62846
62847
62851
62855
62859
62863
62865
62867
62869
62871
62873
62875
62877
62879
62882
62883
62886
62887
62890
62891
62894
62895
62896
62897
62898
62899
62900
62901
62902
62903
62904
62905
62906
62907
62908
62909
62910
62911
62915
62919
62923
62927
62929
62931
62933
62935
62937
62939
62941
62943
62946
62947
62950
62951
62954
62955
62958
62959
62960
62961
62962
62963
62964
62965
62966
62967
62968
62969
62970
62971
62972
62973
62974
62975
62983
62991
62997
62999
63005
63007
63014
63015
63022
63023
63028
63029
63030
63031
63036
63037
63038
63039
63047
63055
63061
63063
63069
63071
63078
63079
63086
63087
63092
63093
63094
63095
63100
63101
63102
63103
63111
63119
63125
63127
63133
63135
63142
63143
63150
63151
63156
63157
63158
63159
63164
63165
63166
63167
63175
63183
63189
63191
63197
63199
63206
63207
63214
63215
63220
63221
63222
63223
63228
63229
63230
63231
63235
63239
63243
63247
63249
63251
63253
63255
63257
63259
63261
63263
63266
63267
63270
63271
63274
63275
63278
63279
63280
63281
63282
63283
63284
63285
63286
63287
63288
63289
63290
63291
63292
63293
63294
63295
63299
63303
63307
63311
63313
63315
63317
63319
63321
63323
63325
63327
63330
63331
63334
63335
63338
63339
63342
63343
63344
63345
63346
63347
63348
63349
63350
63351
63352
63353
63354
63355
63356
63357
63358
63359
63363
63367
63371
63375
63377
63379
63381
63383
63385
63387
63389
63391
63394
63395
63398
63399
63402
63403
63406
63407
63408
63409
63410
63411
63412
63413
63414
63415
63416
63417
63418
63419
63420
63421
63422
63423
63427
63431
63435
63439
63441
63443
63445
63447
63449
63451
63453
63455
63458
63459
63462
63463
63466
63467
63470
63471
63472
63473
63474
63475
63476
63477
63478
63479
63480
63481
63482
63483
63484
63485
63486
63487
63527
63535
63543
63551
63591
63599
63607
63615
63655
63663
63671
63679
63719
63727
63735
63743
63783
63791
63793
63795
63797
63799
63801
63803
63805
63807
63847
63855
63857
63859
63861
63863
63865
63867
63869
63871
63911
63919
63921
63923
63925
63927
63929
63931
63933
63935
63975
63983
63985
63987
63989
63991
63993
63995
63997
63999
64039
64047
64055
64063
64103
64111
64119
64127
64167
64175
64183
64191
64231
64239
64247
64255
64295
64303
64305
64307
64309
64311
64313
64315
64317
64319
64359
64367
64369
64371
64373
64375
64377
64379
64381
64383
64423
64431
64433
64435
64437
64439
64441
64443
64445
64447
64487
64495
64497
64499
64501
64503
64505
64507
64509
64511
64519
64527
64533
64535
64541
64543
64550
64551
64558
64559
64564
64565
64566
64567
64572
64573
64574
64575
64583
64591
64597
64599
64605
64607
64614
64615
64622
64623
64628
64629
64630
64631
64636
64637
64638
64639
64647
64655
64661
64663
64669
64671
64678
64679
64686
64687
64692
64693
64694
64695
64700
64701
64702
64703
64711
64719
64725
64727
64733
64735
64742
64743
64750
64751
64756
64757
64758
64759
64764
64765
64766
64767
64771
64775
64779
64783
64785
64787
64789
64791
64793
64795
64797
64799
64802
64803
64806
64807
64810
64811
64814
64815
64816
64817
64818
64819
64820
64821
64822
64823
64824
64825
64826
64827
64828
64829
64830
64831
64835
64839
64843
64847
64849
64851
64853
64855
64857
64859
64861
64863
64866
64867
64870
64871
64874
64875
64878
64879
64880
64881
64882
64883
64884
64885
64886
64887
64888
64889
64890
64891
64892
64893
64894
64895
64899
64903
64907
64911
64913
64915
64917
64919
64921
64923
64925
64927
64930
64931
64934
64935
64938
64939
64942
64943
64944
64945
64946
64947
64948
64949
64950
64951
64952
64953
64954
64955
64956
64957
64958
64959
64963
64967
64971
64975
64977
64979
64981
64983
64985
64987
64989
64991
64994
64995
64998
64999
65002
65003
65006
65007
65008
65009
65010
65011
65012
65013
65014
65015
65016
65017
65018
65019
65020
65021
65022
65023
65031
65039
65045
65047
65053
65055
65062
65063
65070
65071
65076
65077
65078
65079
65084
65085
65086
65087
65095
65103
65109
65111
65117
65119
65126
65127
65134
65135
65140
65141
65142
65143
65148
65149
65150
65151
65159
65167
65173
65175
65181
65183
65190
65191
65198
65199
65204
65205
65206
65207
65212
65213
65214
65215
65223
65231
65237
65239
65245
65247
65254
65255
65262
65263
65268
65269
65270
65271
65276
65277
65278
65279
65283
65287
65291
65295
65297
65299
65301
65303
65305
65307
65309
65311
65314
65315
65318
65319
65322
65323
65326
65327
65328
65329
65330
65331
65332
65333
65334
65335
65336
65337
65338
65339
65340
65341
65342
65343
65347
65351
65355
65359
65361
65363
65365
65367
65369
65371
65373
65375
65378
65379
65382
65383
65386
65387
65390
65391
65392
65393
65394
65395
65396
65397
65398
65399
65400
65401
65402
65403
65404
65405
65406
65407
65411
65415
65419
65423
65425
65427
65429
65431
65433
65435
65437
65439
65442
65443
65446
65447
65450
65451
65454
65455
65456
65457
65458
65459
65460
65461
65462
65463
65464
65465
65466
65467
65468
65469
65470
65471
65475
65479
65483
65487
65489
65491
65493
65495
65497
65499
65501
65503
65506
65507
65510
65511
65514
65515
65518
65519
65520
65521
65522
65523
65524
65525
65526
65527
65528
65529
65530
65531
65532
65533
65534
65535
