0 1 2 3 8 9 16 17 18 19 24 25 32 33 34 35 40 41 48 49 50 51 56 57 128 129 130 131 136 137 144 145 146 147 152 153 256 257 258 259 264 265 272 274 280 288 289 290 291 296 297 304 306 312 384 385 386 387 392 393 400 402 408
4 5 6 7 12 13 20 21 22 23 28 36 37 38 39 44 45 52 53 54 55 60 132 133 134 135 148 149 150 151 260 261 262 263 268 269 276 278 284 292 293 294 295 300 301 308 310 316 388 389 390 391
29 61
404 406
10 26
11 27
42 58
43 59
138 154
139 155
14 30 46 62
15 31 47 63
142 158
143 159
270 302
271 303
64 65 66 67 72 73 80 81 82 88 89 96 97 104 105 112 113 120 121 192 193 194 195 200 201 208 209 210 216 217 320 321 322 323 328 329 336 338 344 352 353 360 361 448 449 450 451 456 457 464 466 472
83 211
368 376
68 69 324 325
70 71 196 197 198 199 326 327 452 453 454 455
86 212 214
76 77 100 101 108 109 332 333 356 357 364 365
92 116 124
87 215
93 125
102 103 358 359
118 220
204 205 460 461
372 380
468 470
74 90 202 218
75 91 203 219
106 122
107 123
330 458
331 459
78 94 110 126 206 222 334 366 462
79 95 111 127 207 223 335 367 463
160 176
162 178
168 184
416 432
418 434
424 440
164 166 180 182
165 167
172 188
420 422 436 438
421 423
428 444
224 232 240 248
225 233
226 242
480 488 496 504
481 489
482 498
228 229 230 231 236 237 244 246 252
484 485 486 487 492 493 500 502 508
443
447
507
511
157
412
266
267
282
298
299
314
394
395
410
398
399
414
115
370
119
221
374
476
362
363
378
350
382
478
161
163
169
177
179
185
417
419
425
173
189
429
170
171
186
187
426
427
442
174
175
190
191
430
431
446
227
243
483
245
247
253
234
235
250
251
490
491
506
238
239
254
255
494
495
510
273
275
281
305
307
313
401
403
409
277
279
285
309
311
317
405
407
413
283
315
411
287
319
415
337
339
345
369
371
377
465
467
473
341
343
349
373
375
381
469
471
477
347
379
475
351
383
479
433
435
441
437
439
445
497
499
505
501
503
509
140
141
156
396
397
286
318
98
99
114
354
355
84
85
340
213
342
117
348
346
474
181
183
241
249
