Algorithm: tsa1(depth=3)
Closure: False
Length of permutations for unexpected coincidences: 8

[68, 17957]
[388, 1412]
[389, 1413]
[1131, 3179]
[1352, 1353]
[1382, 1844]
[2048, 2146, 3139, 3171, 16944, 17937, 17969, 34883, 34914, 34915, 35907, 35938, 49681, 49712, 49713, 50705, 50736]
[2056, 2155, 34923, 35914, 35915]
[2060, 17965, 49709]
[2176, 34480]
[2177, 34449]
[2184, 34457, 34488]
[2304, 3425]
[2433, 3489]
[2542, 3004]
[2584, 2585]
[3176, 3178]
[3400, 3401]
[3608, 3609]
[4160, 21041, 53809, 54800, 54801]
[4194, 4195]
[4484, 5508]
[4485, 5509]
[4768, 37536]
[4784, 37552]
[5636, 5637]
[5680, 22064]
[5681, 22065]
[6224, 38992]
[6225, 38993]
[6241, 39009]
[6256, 39024]
[6257, 39025]
[6400, 7521, 39265]
[6529, 7585, 21921, 53665]
[8199, 25637]
[8296, 41064]
[8298, 41066]
[8324, 8356]
[8452, 9476]
[8453, 9477]
[8460, 9484]
[8461, 9485]
[8576, 8608]
[8584, 8616]
[10277, 11301]
[11309, 25645, 40973, 43053]
[11457, 26241]
[11470, 26254]
[11471, 26255]
[11488, 26272]
[12304, 46147, 46178]
[12420, 12452]
[15824, 30608]
[15825, 30609]
[15838, 30622]
[15839, 30623]
[16801, 17825]
[16906, 49674]
[16907, 49675]
[16937, 49705]
[16938, 49706]
[16939, 49707]
[21570, 21571]
[22020, 22021]
[29030, 29492]
[31214, 31676]
[32836, 49701]
[33126, 33588]
[34178, 34210]
[34187, 34218, 34232, 35208]
[34224, 35200]
[34328, 34329]
[35072, 35169]
[35310, 35772]
[35352, 35353]
[35944, 35946]
[36376, 36377]
[36962, 36963]
[37954, 37955]
[40960, 42082]
[40961, 42051]
[40966, 42022]
[41092, 41124]
[41344, 41376]
[41352, 41384]
[42004, 42036]
[45061, 46101, 46118, 46132]
[45188, 45220]
[54338, 54339]
[54816, 54832]
[61798, 62260]
[63982, 64444]