Algorithm: tsa1(depth=1)
Closure: False
Length of permutations for unexpected coincidences: 8

[68, 101, 1573, 16902, 16903, 16934, 17957, 17959]
[67, 2048, 2128, 2129, 2146, 2576, 3139, 3169, 3171, 3185, 16899, 16944, 17937, 17953, 17955, 17969, 32866, 32867, 33859, 33890, 34321, 34352, 34883, 34897, 34913, 34914, 34915, 34929, 35344, 35345, 35907, 35938, 36369, 36400, 49664, 49667, 49681, 49697, 49699, 49712, 49713, 50243, 50274, 50705, 50736]
[106, 107, 1098, 1099, 2056, 2122, 2123, 2152, 2153, 2154, 2155, 3144, 3145, 3146, 3147, 32874, 32875, 33866, 33867, 34890, 34891, 34920, 34921, 34922, 34923, 35912, 35913, 35914, 35915]
[198, 1190, 17574]
[199, 1191, 17575]
[212, 1188, 1204, 17572, 17588]
[214, 1206, 17590]
[215, 1207, 17591]
[229, 1189, 17573]
[245, 1205, 17589]
[388, 1412]
[389, 1413]
[470, 1462]
[471, 1463]
[500, 1460]
[501, 1461]
[1128, 1130, 3176, 3178]
[1129, 3177]
[1131, 3179]
[1144, 3192]
[1145, 3193]
[1352, 1353]
[1377, 2304, 2337, 2384, 2385, 2416, 3425, 3441]
[1382, 1844]
[1400, 3448]
[1401, 3449]
[2060, 2093, 2125, 2158, 2605, 3181, 3183, 16910, 16911, 16942, 17965, 17967, 34893, 34925, 34926, 34927, 35373, 49678, 49679, 49709, 49710, 49711]
[2072, 2136, 2137, 2168, 2169, 34904, 34905, 34936, 34937]
[2076, 2141, 34909]
[2078, 3166, 3198, 34910, 34942]
[2079, 3167, 3199, 34911, 34943]
[2108, 3196, 34940]
[2109, 3197, 34941]
[2176, 2704, 3728, 33984, 34464, 34480, 35472, 36528]
[2177, 2705, 3233, 3249, 3729, 17569, 17585, 33985, 34433, 34449, 35473, 36497]
[2184, 2250, 2251, 2712, 2713, 3274, 3275, 3736, 3737, 33992, 33995, 34026, 34442, 34443, 34457, 34488, 35480, 35481, 36043, 36074, 36505, 36536]
[2188, 2221, 2733, 3244, 3245, 3260, 17581, 17582, 17583, 17596, 33966, 33980, 33996, 34446, 34447, 35501, 36028]
[2206, 3262, 17598]
[2207, 3263, 17599]
[2237, 3261, 17597]
[2244, 3236, 3252]
[2246, 3238]
[2247, 3239]
[2262, 3254]
[2263, 3255]
[2277, 3237]
[2293, 3253]
[2328, 2424, 2425, 3416, 3417]
[2332, 2397]
[2334, 3422, 3454]
[2335, 3423, 3455]
[2364, 3452]
[2365, 3453]
[2432, 3488]
[2433, 2529, 2977, 3489, 3505]
[2440, 2537, 2985, 3496, 3498]
[2462, 3518]
[2463, 3519]
[2492, 3516]
[2493, 3517]
[2518, 3510]
[2519, 3511]
[2542, 3004]
[2548, 3508]
[2549, 3509]
[2584, 2585]
[3096, 3160, 3161]
[3400, 3401]
[3490, 3970]
[3608, 3609]
[4160, 4656, 4657, 5648, 5649, 21008, 21009, 21024, 21025, 21040, 21041, 22016, 22017, 22032, 22033, 37424, 37425, 38416, 38417, 53776, 53777, 53792, 53793, 53808, 53809, 54784, 54785, 54800, 54801]
[4166, 21030, 21031, 22022, 22023]
[4174, 21038, 21039, 22030, 22031, 53806, 53807, 54798, 54799]
[4194, 4195]
[4359, 21255]
[4438, 22294, 22326]
[4439, 22295, 22327]
[4484, 5508]
[4485, 5509]
[4566, 5558, 21942]
[4567, 5559, 21943]
[4596, 5556, 21940]
[4597, 5557, 21941]
[4768, 37536]
[4784, 37552]
[4902, 22310]
[4903, 22311]
[5123, 22018, 22019]
[5496, 7544]
[5497, 7545]
[5636, 5637]
[5664, 5680, 22048, 22064]
[5665, 22049]
[5666, 22050]
[5667, 22051]
[5670, 22054]
[5671, 22055]
[5678, 22062]
[5679, 22063]
[5681, 22065]
[6160, 6672, 6673, 7696, 7697, 39440, 39441, 40464, 40465]
[6192, 6704, 39472]
[6224, 38992]
[6225, 38993]
[6241, 39009]
[6256, 39024]
[6257, 39025]
[6336, 6832, 7824, 39600, 40592]
[6337, 6833, 7825, 39601, 40593]
[6344, 6840, 6841, 7832, 7833, 39608, 39609, 40600, 40601]
[6400, 6433, 6480, 6481, 6512, 7521, 7537, 20833, 21264, 21296, 22305, 22321, 39248, 39249, 39265, 39280, 39281, 53601, 54032, 54049, 54064, 54065]
[6402, 21251, 54019]
[6414, 21263, 54031]
[6418, 22290, 22322, 54034, 54066]
[6419, 22291, 22323, 54035, 54067]
[6424, 6520, 6521, 7512, 7513, 39288, 39289, 40280, 40281]
[6428, 6493, 39261]
[6430, 7518, 7550, 22302, 22334, 39294, 40286, 54078, 55070]
[6431, 7519, 7551, 22303, 22335, 39295, 40287, 54079, 55071]
[6434, 22306, 54050]
[6435, 22307, 54051]
[6446, 22318, 54062]
[6447, 22319, 54063]
[6460, 7548, 39292]
[6461, 7549, 39293]
[6528, 7584, 21936, 38288, 38800]
[6529, 6561, 6625, 7585, 7601, 21921, 21937, 38289, 38801, 53665]
[6536, 6569, 6633, 38296, 38808]
[6540, 38285]
[6542, 38287, 38799]
[6556, 38364]
[6558, 7614, 21950, 38366, 38814]
[6559, 7615, 21951, 38367, 38815]
[6588, 7612, 21948]
[6589, 7613, 21949]
[6606, 38351]
[6614, 7606]
[6615, 7607]
[6644, 7604]
[6645, 7605]
[6705, 38961, 39473]
[7712, 7728]
[7840, 7856]
[7848, 7864]
[8198, 9254]
[8199, 24677, 25125, 25637, 25639]
[8290, 9314, 40960, 41058, 42080, 42082, 42496, 58466]
[8291, 11297, 11299, 25633, 25635, 25667, 40961, 41059, 42049, 42051, 42497, 58435]
[8296, 41064]
[8298, 41066]
[8324, 8356]
[8452, 9476]
[8453, 9477]
[8460, 9484]
[8461, 9485]
[8576, 8608]
[8584, 8616]
[8960, 9504, 9506, 11552, 11554]
[8976, 9520, 11568]
[8977, 9521, 11569]
[8978, 9522, 11570]
[8979, 9523, 11571]
[8982, 9526]
[8983, 9527]
[8990, 9534, 11582]
[8991, 9535, 11583]
[8993, 9505, 11553]
[8995, 9507, 11555]
[8998, 9510]
[8999, 9511]
[9006, 9518, 11566]
[9007, 9519, 11567]
[9262, 11310, 40972, 41998, 42062]
[9332, 25652]
[9422, 25774]
[9444, 25764]
[9446, 25766]
[9460, 25780]
[9468, 25788]
[10277, 11301]
[10278, 11302]
[10791, 11303]
[10797, 11309, 11311, 25645, 25647, 40973, 41005, 41999, 42063, 43053]
[10893, 10925, 43181]
[11046, 11558]
[11047, 11559]
[11062, 11574]
[11063, 11575]
[11457, 26241]
[11470, 26254]
[11471, 26255]
[11488, 26272]
[11680, 12160]
[11682, 12162]
[11688, 11690, 12168]
[11696, 12176]
[11704, 12184]
[12293, 13350, 28773, 29221, 29748]
[12304, 12386, 12387, 13410, 13872, 29763, 30225, 45154, 45155, 45584, 45585, 46096, 46147, 46160, 46161, 46178, 46609, 46640, 62531, 62562, 62993, 63024]
[12420, 12452]
[12508, 45293]
[12560, 13616, 15649, 15650, 15664, 15665, 29025, 29985, 29986, 45345, 46352, 46370, 46384, 46416, 46417, 61793, 62754]
[12689, 45473]
[12696, 45481]
[12753, 45537, 61857]
[12761, 45545]
[13078, 30006]
[13079, 30007]
[13094, 29990]
[13095, 29991]
[13524, 29860, 29876]
[13532, 29870, 29884]
[13542, 29862]
[14352, 47632, 47633]
[14480, 47760]
[14481, 47761]
[14488, 47768, 47769]
[14556, 47341]
[14801, 47585]
[14809, 47593]
[15132, 46877]
[15142, 15654]
[15143, 15655]
[15158, 15670]
[15159, 15671]
[15233, 15265]
[15240, 15273]
[15376, 15889, 15920]
[15504, 16048]
[15505, 16017]
[15512, 16025, 16056]
[15651, 29987, 45347]
[15662, 29998, 45358]
[15663, 29999, 45359]
[15666, 30002, 45330]
[15667, 30003, 45331]
[15678, 30014, 45342, 46430, 46878]
[15679, 30015, 45343, 46431, 46879]
[15778, 16258]
[15786, 15800, 16264]
[15792, 16256]
[15824, 30608]
[15825, 30609]
[15838, 30622]
[15839, 30623]
[16456, 16458, 16459, 17482, 17483, 49226, 49227, 50250, 50251]
[16488, 16490, 49258]
[16491, 49195, 49259]
[16584, 49354, 49355]
[16801, 17825]
[16816, 17840]
[16881, 17841]
[16884, 17844]
[16885, 17845]
[16886, 17846]
[16887, 17847]
[16892, 17852]
[16893, 17853]
[16894, 17854]
[16895, 17855]
[16906, 49674]
[16907, 49675]
[16937, 49705]
[16938, 49706]
[16939, 49707]
[17512, 17514]
[17608, 17611, 17642]
[18603, 18667]
[18628, 19620, 19636]
[18630, 19622]
[18632, 18635, 18666, 19659, 19690]
[18636, 19630, 19644]
[20994, 20995, 21026, 21027, 36866, 53762, 53763, 53794, 53795]
[21570, 21571]
[22020, 22021]
[24648, 24682, 25674, 57450, 58442]
[24649, 24683, 25675, 57451, 58443]
[24776, 57546]
[24777, 57547]
[24912, 25904]
[24913, 25905]
[24918, 25910]
[24919, 25911]
[24926, 25918]
[24927, 25919]
[25344, 25888, 25890]
[25362, 25906]
[25363, 25907]
[25377, 25889]
[25379, 25891]
[25382, 25894]
[25383, 25895]
[25390, 25902]
[25391, 25903]
[25704, 25706]
[25800, 25834]
[25801, 25803]
[26820, 27812]
[26822, 27814]
[26824, 26858, 27882]
[26825, 26859, 27851]
[26828, 27822]
[26829, 26861, 27309]
[27088, 28080]
[27096, 28088]
[27392, 27936, 27938]
[27408, 27952]
[27520, 28064]
[27528, 28072, 28074]
[27828, 27860]
[27836, 27868]
[28066, 28546]
[28744, 28778, 28779, 29770, 29771, 61546, 61547, 62538, 62539]
[28872, 61642, 61643]
[29030, 29492]
[29080, 61865, 61929]
[29585, 62369]
[29592, 62377]
[29800, 29802]
[29896, 29899, 29930]
[30736, 31249, 31280, 32273, 32304]
[30769, 31281]
[30912, 31408, 32432]
[30913, 31409, 32401]
[30916, 31908, 31924]
[30918, 31910]
[30920, 30954, 30955, 31416, 31417, 31947, 31978, 32409, 32440]
[30924, 30957, 31405, 31918, 31932]
[30992, 32034, 32048]
[31120, 32176]
[31121, 31201, 31649]
[31128, 31209, 31657, 32170, 32184]
[31214, 31676]
[32162, 32642]
[32836, 32869, 33317, 33830, 33844, 49670, 49671, 49701, 49702, 49703, 50214, 50228]
[33121, 34082, 34096, 35072, 35105, 35152, 35153, 35169, 35184, 35185, 36130, 36144]
[33126, 33588]
[33896, 33898]
[33956, 33972, 34004]
[33958, 33990]
[34178, 34210]
[34187, 34200, 34218, 34232, 34712, 35208, 35305, 35753, 36266, 36280]
[34189, 35212]
[34191, 34701, 35724]
[34192, 34224, 34704, 35200, 36272]
[34193, 34705, 35201, 35297, 35745]
[34255, 35278]
[34268, 35228]
[34270, 34718, 35230]
[34271, 34719, 35231]
[34328, 34329]
[34717, 35740]
[35012, 36004, 36020]
[35014, 36006]
[35096, 35192, 35193, 36184, 36185]
[35100, 35165]
[35102, 35198, 36190]
[35103, 35199, 36191]
[35132, 35196]
[35133, 35197]
[35310, 35772]
[35352, 35353]
[35865, 35928, 35929]
[35869, 35933]
[35870, 35934]
[35871, 35935]
[35944, 35946]
[36258, 36738]
[36376, 36377]
[36934, 53798, 53799, 54790, 54791]
[36962, 36963]
[37127, 54023]
[37206, 54070, 55062]
[37207, 54071, 55063]
[37670, 54054]
[37671, 54055]
[37954, 37955]
[38432, 38448]
[38797, 39820]
[38813, 39836]
[40480, 40496]
[40608, 40624]
[40616, 40632]
[40966, 41990, 42022, 42054, 58406]
[40967, 41991, 42055, 57445, 57893]
[41092, 41124]
[41101, 41133]
[41165, 41197]
[41344, 41376]
[41352, 41384]
[42004, 42036]
[42272, 42274, 42754]
[42288, 42768]
[43213, 43245]
[44320, 44322, 44802]
[44336, 44816]
[44448, 44928]
[44450, 44930]
[44456, 44458, 44938]
[44464, 44944]
[44472, 44952]
[45061, 46085, 46101, 46118, 46132, 46164, 61541, 61989, 62502, 62516]
[45068, 45101, 45613, 46093, 46157]
[45188, 45220]
[45196, 45229]
[45317, 46341]
[45319, 46343]
[45324, 46349]
[45326, 46351]
[45340, 46365, 46429]
[45383, 46407]
[45389, 46413]
[45391, 46415]
[45396, 46357, 46420]
[45709, 45741]
[45845, 46869]
[45846, 46422, 46870]
[45847, 46423, 46871]
[47153, 47665]
[47244, 47277, 47789]
[48144, 48657, 48688]
[48272, 48816]
[48273, 48785]
[48280, 48793, 48824]
[48400, 48418, 48432]
[48528, 48560]
[48536, 48554, 48568]
[48546, 49026]
[49323, 49387]
[50280, 50282]
[50340, 50356, 50388]
[50342, 50374]
[50350, 50364, 50380]
[50376, 50379, 50410]
[51371, 51435]
[51396, 52388, 52404]
[51398, 52390]
[51400, 51403, 51434, 52427, 52458]
[51404, 52398, 52412]
[54275, 54786, 54787]
[54338, 54339]
[54531, 55043]
[54546, 55058]
[54547, 55059]
[54816, 54832]
[57680, 58672]
[57997, 58029]
[58112, 58656, 58658]
[58420, 58452]
[58472, 58474]
[58532, 58564]
[58534, 58566]
[58542, 58572]
[58548, 58580]
[58556, 58588]
[58568, 58602]
[58569, 58571]
[59588, 60580]
[59590, 60582]
[59592, 59626, 60650]
[59593, 59627, 60619]
[59596, 60590]
[59597, 59629, 60077]
[59856, 60848]
[59864, 60856]
[60160, 60704, 60706]
[60176, 60720]
[60288, 60832]
[60296, 60840, 60842]
[60596, 60628]
[60604, 60636]
[60834, 61314]
[61798, 62260]
[62093, 62125]
[62568, 62570]
[62628, 62644, 62676]
[62630, 62662]
[62638, 62652, 62668]
[62664, 62667, 62698]
[63504, 64017, 64048, 65041, 65072]
[63537, 64049]
[63680, 64176, 65200]
[63681, 64177, 65169]
[63684, 64676, 64692]
[63686, 64678]
[63688, 63722, 63723, 64184, 64185, 64715, 64746, 65177, 65208]
[63692, 63725, 64173, 64686, 64700]
[63760, 64802, 64816]
[63888, 64944]
[63889, 63969, 64417]
[63896, 63977, 64425, 64938, 64952]
[63982, 64444]
[64930, 65410]