
# Number of surprising coincidence classes 502
# Number of non-singleton coincidence classes 424

(0, 1, 2)
[0, 1, 106, 316, 323, 337, 338, 340, 342, 361, 362, 976, 983]
active
[2, 107, 317, 324, 977, 984]
active
[339, 363]
active
[3, 108]
active
[318, 327, 978, 987]
active
[319, 321, 328, 330, 346, 347, 348, 350, 376, 377, 378, 380, 382, 384, 386, 390, 979, 981, 988, 990]
active
[353, 357]
active
[4, 109]
active
[320, 322, 329, 331, 349, 351, 379, 381, 980, 982, 989, 991]
active
[388, 392]
active
[5, 110]
active
[325, 985]
active
[367, 368]
active
[370, 372]
active
[6, 111]
active
[326, 986]
active
[7, 112]
active
[332, 992]
active
[333, 335, 993, 995]
active
[394, 395, 396, 398, 400, 402, 404, 408]
active
[8, 113]
active
[334, 336, 994, 996]
active
[397, 399]
active
[406, 410]
active
[9, 122]
active
[412, 413, 426, 427, 454, 455, 456, 458, 496, 497, 498, 500, 1114, 1115, 1128, 1129]
active
[461, 465]
active
[10, 123]
active
[414, 415, 428, 429, 1116, 1117, 1130, 1131]
active
[457, 459, 499, 501]
active
[11, 124, 416, 417, 434, 435, 1118, 1119, 1136, 1137]
active
[12, 14, 16, 18, 125, 127, 129, 131, 418, 420, 422, 424, 436, 438, 440, 442, 469, 470, 471, 472, 473, 475, 477, 479, 523, 524, 525, 526, 527, 529, 531, 533, 1120, 1122, 1124, 1126, 1138, 1140, 1142, 1144]
active
[484, 492]
active
[537, 539, 545, 549]
active
[13, 15, 17, 19, 126, 128, 130, 132, 419, 421, 423, 425, 437, 439, 441, 443, 474, 476, 478, 480, 528, 530, 532, 534, 1121, 1123, 1125, 1127, 1139, 1141, 1143, 1145]
active
[547, 551]
active
[20, 133]
active
[430, 431, 1132, 1133]
active
[508, 509, 510, 512]
active
[515, 519]
active
[21, 134]
active
[432, 433, 1134, 1135]
active
[511, 513]
active
[22, 135]
active
[23, 25, 27, 29, 136, 138, 140, 142]
active
[444, 445, 1146, 1147]
active
[446, 448, 450, 452, 1148, 1150, 1152, 1154]
active
[553, 554, 555, 556, 557, 559, 561, 563]
active
[567, 569, 575, 579]
active
[24, 26, 28, 30, 137, 139, 141, 143]
active
[447, 449, 451, 453, 1149, 1151, 1153, 1155]
active
[558, 560, 562, 564]
active
[577, 581]
active
[31, 166]
active
[35, 39, 170, 174, 583, 585, 597, 601, 1369, 1371, 1383, 1387, 1411, 1412, 1417, 1418, 1447, 1448, 1459, 1460]
active
[627, 628, 660, 661]
active
[630, 632]
active
[32, 167]
active
[36, 40, 171, 175, 584, 586, 598, 602, 1370, 1372, 1384, 1388]
active
[629, 662]
active
[1413, 1419, 1449, 1461]
active
[33, 168]
active
[43, 47, 178, 182]
active
[587, 592, 605, 615, 1373, 1378, 1391, 1401]
active
[588, 590, 593, 595, 606, 608, 616, 618, 1374, 1376, 1379, 1381, 1392, 1394, 1402, 1404, 1423, 1424, 1425, 1427, 1435, 1436, 1437, 1439, 1471, 1472, 1473, 1475, 1495, 1496, 1497, 1499]
active
[641, 642, 643, 645, 685, 686, 687, 689]
active
[648, 652]
active
[691, 693, 695, 699]
active
[34, 169]
active
[44, 48, 179, 183]
active
[589, 591, 594, 596, 607, 609, 617, 619, 1375, 1377, 1380, 1382, 1393, 1395, 1403, 1405, 1426, 1428, 1438, 1440, 1474, 1476, 1498, 1500]
active
[644, 646, 688, 690]
active
[697, 701]
active
[37, 41, 172, 176, 599, 603, 1385, 1389]
active
[666, 667]
active
[669, 671]
active
[1453, 1454, 1465, 1466]
active
[38, 42, 173, 177, 600, 604, 1386, 1390]
active
[1455, 1467]
active
[45, 49, 180, 184]
active
[610, 620, 1396, 1406]
active
[611, 613, 621, 623, 1397, 1399, 1407, 1409]
active
[703, 704, 705, 707]
active
[709, 711, 713, 717]
active
[1483, 1484, 1485, 1487, 1507, 1508, 1509, 1511]
active
[46, 50, 181, 185]
active
[612, 614, 622, 624, 1398, 1400, 1408, 1410]
active
[706, 708]
active
[715, 719]
active
[1486, 1488, 1510, 1512]
active
[51, 206]
active
[62, 66, 217, 221]
active
[721, 722, 725, 726, 749, 750, 757, 758, 1690, 1691, 1694, 1695, 1718, 1719, 1726, 1727, 1774, 1775, 1776, 1778, 1780, 1782, 1784, 1788, 1792, 1793, 1794, 1796, 1798, 1800, 1802, 1806, 1870, 1871, 1872, 1874, 1900, 1901, 1902, 1904]
active
[809, 810, 811, 813, 816, 820, 869, 870, 871, 873]
active
[52, 207]
active
[63, 67, 218, 222]
active
[723, 724, 727, 728, 751, 752, 759, 760, 1692, 1693, 1696, 1697, 1720, 1721, 1728, 1729]
active
[812, 814, 872, 874]
active
[1777, 1779, 1795, 1797, 1873, 1875, 1903, 1905]
active
[1786, 1790, 1804, 1808]
active
[53, 208]
active
[54, 56, 58, 60, 209, 211, 213, 215]
active
[1823, 1826, 1830, 1836, 1853, 1856, 1860, 1866]
active
[70, 88, 225, 243, 729, 730, 739, 740, 765, 766, 785, 786, 1698, 1699, 1708, 1709, 1734, 1735, 1754, 1755]
active
[71, 73, 75, 77, 89, 91, 93, 95, 226, 228, 230, 232, 244, 246, 248, 250, 731, 733, 735, 737, 741, 743, 745, 747, 767, 769, 771, 773, 787, 789, 791, 793, 1700, 1702, 1704, 1706, 1710, 1712, 1714, 1716, 1736, 1738, 1740, 1742, 1756, 1758, 1760, 1762, 1810, 1811, 1812, 1813, 1814, 1816, 1818, 1820, 1840, 1841, 1842, 1843, 1844, 1846, 1848, 1850, 1930, 1931, 1932, 1933, 1934, 1936, 1938, 1940, 1942, 1944, 1946, 1948, 1950, 1954, 1958, 1962, 2002, 2003, 2004, 2005, 2006, 2008, 2010, 2012, 2014, 2016, 2018, 2020, 2022, 2026, 2030, 2034]
active
[834, 835, 836, 837, 838, 840, 842, 844, 916, 917, 918, 919, 920, 922, 924, 926, 930, 932, 938, 942]
active
[849, 857]
active
[55, 57, 59, 61, 210, 212, 214, 216]
active
[72, 74, 76, 78, 90, 92, 94, 96, 227, 229, 231, 233, 245, 247, 249, 251, 732, 734, 736, 738, 742, 744, 746, 748, 768, 770, 772, 774, 788, 790, 792, 794, 1701, 1703, 1705, 1707, 1711, 1713, 1715, 1717, 1737, 1739, 1741, 1743, 1757, 1759, 1761, 1763, 1815, 1817, 1819, 1821, 1845, 1847, 1849, 1851, 1935, 1937, 1939, 1941, 2007, 2009, 2011, 2013]
active
[839, 841, 843, 845, 921, 923, 925, 927]
active
[940, 944]
active
[1832, 1838, 1862, 1868]
active
[1952, 1956, 1960, 1964, 2024, 2028, 2032, 2036]
active
[64, 68, 219, 223]
active
[753, 754, 761, 762, 1722, 1723, 1730, 1731]
active
[881, 882, 883, 885]
active
[888, 892]
active
[1882, 1883, 1884, 1886, 1912, 1913, 1914, 1916]
active
[1888, 1890, 1892, 1896, 1918, 1920, 1922, 1926]
active
[65, 69, 220, 224]
active
[755, 756, 763, 764, 1724, 1725, 1732, 1733]
active
[884, 886]
active
[1885, 1887, 1915, 1917]
active
[1894, 1898, 1924, 1928]
active
[79, 97, 234, 252, 775, 776, 795, 796, 1744, 1745, 1764, 1765]
active
[80, 82, 84, 86, 98, 100, 102, 104, 235, 237, 239, 241, 253, 255, 257, 259, 777, 779, 781, 783, 797, 799, 801, 803, 1746, 1748, 1750, 1752, 1766, 1768, 1770, 1772]
active
[946, 947, 948, 949, 950, 952, 954, 956, 960, 962, 968, 972]
active
[1966, 1967, 1968, 1969, 1970, 1972, 1974, 1976, 1978, 1980, 1982, 1984, 1986, 1990, 1994, 1998, 2038, 2039, 2040, 2041, 2042, 2044, 2046, 2048, 2050, 2052, 2054, 2056, 2058, 2062, 2066, 2070]
active
[81, 83, 85, 87, 99, 101, 103, 105, 236, 238, 240, 242, 254, 256, 258, 260, 778, 780, 782, 784, 798, 800, 802, 804, 1747, 1749, 1751, 1753, 1767, 1769, 1771, 1773]
active
[951, 953, 955, 957]
active
[970, 974]
active
[1971, 1973, 1975, 1977, 2043, 2045, 2047, 2049]
active
[1988, 1992, 1996, 2000, 2060, 2064, 2068, 2072]
active
[1018, 1025]
active
[1039, 1040, 1042, 1044, 1063, 1064]
active
[1019, 1026]
active
[1041, 1065]
active
[1020, 1029]
active
[1021, 1023, 1030, 1032]
active
[1048, 1049, 1050, 1052, 1078, 1079, 1080, 1082, 1084, 1086, 1088, 1092]
active
[1055, 1059]
active
[1022, 1024, 1031, 1033]
active
[1051, 1053, 1081, 1083]
active
[1090, 1094]
active
[1069, 1070]
active
[1072, 1074]
active
[1035, 1037]
active
[1096, 1097, 1098, 1100, 1102, 1104, 1106, 1110]
active
[1036, 1038]
active
[1099, 1101]
active
[1108, 1112]
active
[1198, 1199, 1212, 1213]
active
[1240, 1241, 1242, 1244, 1282, 1283, 1284, 1286]
active
[1247, 1251]
active
[1200, 1201, 1214, 1215]
active
[1243, 1245, 1285, 1287]
active
[147, 149, 151, 153]
active
[1202, 1203, 1220, 1221]
active
[1204, 1206, 1208, 1210, 1222, 1224, 1226, 1228]
active
[1255, 1256, 1257, 1258, 1259, 1261, 1263, 1265, 1309, 1310, 1311, 1312, 1313, 1315, 1317, 1319]
active
[1270, 1278]
active
[1323, 1325, 1331, 1335]
active
[148, 150, 152, 154]
active
[1205, 1207, 1209, 1211, 1223, 1225, 1227, 1229]
active
[1260, 1262, 1264, 1266, 1314, 1316, 1318, 1320]
active
[1333, 1337]
active
[1216, 1217]
active
[1294, 1295, 1296, 1298]
active
[1301, 1305]
active
[1218, 1219]
active
[1297, 1299]
active
[158, 160, 162, 164]
active
[1230, 1231]
active
[1232, 1234, 1236, 1238]
active
[1339, 1340, 1341, 1342, 1343, 1345, 1347, 1349]
active
[1353, 1355, 1361, 1365]
active
[159, 161, 163, 165]
active
[1233, 1235, 1237, 1239]
active
[1344, 1346, 1348, 1350]
active
[1363, 1367]
active
[190, 194]
active
[1519, 1521, 1533, 1537, 1561, 1562, 1567, 1568, 1603, 1604, 1615, 1616]
active
[1570, 1572]
active
[191, 195]
active
[1520, 1522, 1534, 1538]
active
[1563, 1569, 1605, 1617]
active
[198, 202]
active
[1523, 1528, 1541, 1551]
active
[1524, 1526, 1529, 1531, 1542, 1544, 1552, 1554, 1576, 1577, 1578, 1580, 1588, 1589, 1590, 1592, 1630, 1631, 1632, 1634, 1654, 1655, 1656, 1658]
active
[1595, 1599]
active
[1660, 1662, 1664, 1668]
active
[199, 203]
active
[1525, 1527, 1530, 1532, 1543, 1545, 1553, 1555, 1579, 1581, 1591, 1593, 1633, 1635, 1657, 1659]
active
[1666, 1670]
active
[192, 196]
active
[1535, 1539]
active
[1609, 1610, 1621, 1622]
active
[1624, 1626]
active
[193, 197]
active
[1536, 1540]
active
[1611, 1623]
active
[200, 204]
active
[1546, 1556]
active
[1547, 1549, 1557, 1559]
active
[1642, 1643, 1644, 1646, 1672, 1673, 1674, 1676]
active
[1678, 1680, 1682, 1686]
active
[201, 205]
active
[1548, 1550, 1558, 1560]
active
[1645, 1647, 1675, 1677]
active
[1684, 1688]
active
[272, 276]
active
[2074, 2075, 2078, 2079, 2102, 2103, 2110, 2111, 2158, 2159, 2160, 2162, 2164, 2166, 2168, 2172, 2176, 2177, 2178, 2180, 2182, 2184, 2186, 2190, 2254, 2255, 2256, 2258, 2284, 2285, 2286, 2288]
active
[273, 277]
active
[2076, 2077, 2080, 2081, 2104, 2105, 2112, 2113]
active
[2161, 2163, 2179, 2181, 2257, 2259, 2287, 2289]
active
[2170, 2174, 2188, 2192]
active
[264, 266, 268, 270]
active
[280, 298]
active
[281, 283, 285, 287, 299, 301, 303, 305]
active
[2082, 2083, 2092, 2093, 2118, 2119, 2138, 2139]
active
[2084, 2086, 2088, 2090, 2094, 2096, 2098, 2100, 2120, 2122, 2124, 2126, 2140, 2142, 2144, 2146, 2194, 2195, 2196, 2197, 2198, 2200, 2202, 2204, 2224, 2225, 2226, 2227, 2228, 2230, 2232, 2234, 2314, 2315, 2316, 2317, 2318, 2320, 2322, 2324, 2326, 2328, 2330, 2332, 2334, 2338, 2342, 2346, 2386, 2387, 2388, 2389, 2390, 2392, 2394, 2396, 2398, 2400, 2402, 2404, 2406, 2410, 2414, 2418]
active
[2207, 2210, 2214, 2220, 2237, 2240, 2244, 2250]
active
[265, 267, 269, 271]
active
[282, 284, 286, 288, 300, 302, 304, 306]
active
[2085, 2087, 2089, 2091, 2095, 2097, 2099, 2101, 2121, 2123, 2125, 2127, 2141, 2143, 2145, 2147, 2199, 2201, 2203, 2205, 2229, 2231, 2233, 2235, 2319, 2321, 2323, 2325, 2391, 2393, 2395, 2397]
active
[2216, 2222, 2246, 2252]
active
[2336, 2340, 2344, 2348, 2408, 2412, 2416, 2420]
active
[274, 278]
active
[2106, 2107, 2114, 2115]
active
[2266, 2267, 2268, 2270, 2296, 2297, 2298, 2300]
active
[2272, 2274, 2276, 2280, 2302, 2304, 2306, 2310]
active
[275, 279]
active
[2108, 2109, 2116, 2117]
active
[2269, 2271, 2299, 2301]
active
[2278, 2282, 2308, 2312]
active
[289, 307]
active
[290, 292, 294, 296, 308, 310, 312, 314]
active
[2128, 2129, 2148, 2149]
active
[2130, 2132, 2134, 2136, 2150, 2152, 2154, 2156]
active
[2350, 2351, 2352, 2353, 2354, 2356, 2358, 2360, 2362, 2364, 2366, 2368, 2370, 2374, 2378, 2382, 2422, 2423, 2424, 2425, 2426, 2428, 2430, 2432, 2434, 2436, 2438, 2440, 2442, 2446, 2450, 2454]
active
[291, 293, 295, 297, 309, 311, 313, 315]
active
[2131, 2133, 2135, 2137, 2151, 2153, 2155, 2157]
active
[2355, 2357, 2359, 2361, 2427, 2429, 2431, 2433]
active
[2372, 2376, 2380, 2384, 2444, 2448, 2452, 2456]
active
[352, 354]
active
[355, 358]
active
[383, 385]
active
[387, 391]
active
[1000, 1002]
active
[1009, 1011]
active
[356, 360]
active
[389, 393]
active
[1001, 1003]
active
[1010, 1012]
active
[401, 403]
active
[405, 409]
active
[1014, 1016]
active
[407, 411]
active
[1015, 1017]
active
[460, 462]
active
[463, 466]
active
[502, 503]
active
[504, 506]
active
[1156, 1157]
active
[1170, 1171]
active
[464, 468]
active
[505, 507]
active
[1158, 1159]
active
[1172, 1173]
active
[481, 482, 483, 485]
active
[486, 488, 490, 493]
active
[535, 536, 538, 540]
active
[541, 543, 546, 550]
active
[1160, 1161]
active
[1162, 1164, 1166, 1168]
active
[1178, 1179]
active
[1180, 1182, 1184, 1186]
active
[487, 489, 491, 495]
active
[542, 544, 548, 552]
active
[1163, 1165, 1167, 1169]
active
[1181, 1183, 1185, 1187]
active
[514, 516]
active
[517, 520]
active
[1174, 1175]
active
[518, 522]
active
[1176, 1177]
active
[565, 566, 568, 570]
active
[571, 573, 576, 580]
active
[1188, 1189]
active
[1190, 1192, 1194, 1196]
active
[572, 574, 578, 582]
active
[1191, 1193, 1195, 1197]
active
[625, 631]
active
[656, 663]
active
[1414, 1420]
active
[1415, 1421]
active
[1450, 1462]
active
[1451, 1463]
active
[626, 635]
active
[657, 665]
active
[1416, 1422]
active
[1452, 1464]
active
[636, 647, 649]
active
[637, 639, 650, 653]
active
[675, 692, 694]
active
[676, 678, 696, 700]
active
[1429, 1430, 1441, 1442]
active
[1431, 1433, 1443, 1445]
active
[1477, 1478, 1501, 1502]
active
[1479, 1481, 1503, 1505]
active
[638, 640, 651, 655]
active
[677, 679, 698, 702]
active
[1432, 1434, 1444, 1446]
active
[1480, 1482, 1504, 1506]
active
[658, 670]
active
[1456, 1468]
active
[1457, 1469]
active
[659, 674]
active
[1458, 1470]
active
[680, 710, 712]
active
[681, 683, 714, 718]
active
[1489, 1490, 1513, 1514]
active
[1491, 1493, 1515, 1517]
active
[682, 684, 716, 720]
active
[1492, 1494, 1516, 1518]
active
[805, 806, 815, 817]
active
[818, 821]
active
[861, 862, 875, 876]
active
[877, 879]
active
[1781, 1783, 1799, 1801]
active
[1785, 1789, 1803, 1807]
active
[1876, 1877, 1906, 1907]
active
[1878, 1880, 1908, 1910]
active
[807, 808, 819, 823]
active
[863, 864, 878, 880]
active
[1787, 1791, 1805, 1809]
active
[1879, 1881, 1909, 1911]
active
[824, 825, 846, 847, 848, 850]
active
[826, 828, 830, 832, 851, 853, 855, 858]
active
[896, 897, 928, 929, 931, 933]
active
[898, 900, 902, 904, 934, 936, 939, 943]
active
[1822, 1824, 1825, 1827, 1852, 1854, 1855, 1857]
active
[1828, 1831, 1834, 1837, 1858, 1861, 1864, 1867]
active
[1943, 1945, 1947, 1949, 2015, 2017, 2019, 2021]
active
[1951, 1955, 1959, 1963, 2023, 2027, 2031, 2035]
active
[827, 829, 831, 833, 852, 854, 856, 860]
active
[899, 901, 903, 905, 935, 937, 941, 945]
active
[1829, 1833, 1835, 1839, 1859, 1863, 1865, 1869]
active
[1953, 1957, 1961, 1965, 2025, 2029, 2033, 2037]
active
[865, 866, 887, 889]
active
[890, 893]
active
[1889, 1891, 1919, 1921]
active
[1893, 1897, 1923, 1927]
active
[867, 868, 891, 895]
active
[1895, 1899, 1925, 1929]
active
[906, 907, 958, 959, 961, 963]
active
[908, 910, 912, 914, 964, 966, 969, 973]
active
[1979, 1981, 1983, 1985, 2051, 2053, 2055, 2057]
active
[1987, 1991, 1995, 1999, 2059, 2063, 2067, 2071]
active
[909, 911, 913, 915, 965, 967, 971, 975]
active
[1989, 1993, 1997, 2001, 2061, 2065, 2069, 2073]
active
[1054, 1056]
active
[1057, 1060]
active
[1085, 1087]
active
[1089, 1093]
active
[1058, 1062]
active
[1091, 1095]
active
[1103, 1105]
active
[1107, 1111]
active
[1109, 1113]
active
[1246, 1248]
active
[1249, 1252]
active
[1288, 1289]
active
[1290, 1292]
active
[1250, 1254]
active
[1291, 1293]
active
[1267, 1268, 1269, 1271]
active
[1272, 1274, 1276, 1279]
active
[1321, 1322, 1324, 1326]
active
[1327, 1329, 1332, 1336]
active
[1273, 1275, 1277, 1281]
active
[1328, 1330, 1334, 1338]
active
[1300, 1302]
active
[1303, 1306]
active
[1304, 1308]
active
[1351, 1352, 1354, 1356]
active
[1357, 1359, 1362, 1366]
active
[1358, 1360, 1364, 1368]
active
[1564, 1571]
active
[1565, 1573]
active
[1606, 1618]
active
[1607, 1619]
active
[1566, 1575]
active
[1608, 1620]
active
[1582, 1583, 1594, 1596]
active
[1584, 1586, 1597, 1600]
active
[1636, 1637, 1661, 1663]
active
[1638, 1640, 1665, 1669]
active
[1585, 1587, 1598, 1602]
active
[1639, 1641, 1667, 1671]
active
[1612, 1625]
active
[1613, 1627]
active
[1614, 1629]
active
[1648, 1649, 1679, 1681]
active
[1650, 1652, 1683, 1687]
active
[1651, 1653, 1685, 1689]
active
[2165, 2167, 2183, 2185]
active
[2169, 2173, 2187, 2191]
active
[2260, 2261, 2290, 2291]
active
[2262, 2264, 2292, 2294]
active
[2171, 2175, 2189, 2193]
active
[2263, 2265, 2293, 2295]
active
[2206, 2208, 2209, 2211, 2236, 2238, 2239, 2241]
active
[2212, 2215, 2218, 2221, 2242, 2245, 2248, 2251]
active
[2327, 2329, 2331, 2333, 2399, 2401, 2403, 2405]
active
[2335, 2339, 2343, 2347, 2407, 2411, 2415, 2419]
active
[2213, 2217, 2219, 2223, 2243, 2247, 2249, 2253]
active
[2337, 2341, 2345, 2349, 2409, 2413, 2417, 2421]
active
[2273, 2275, 2303, 2305]
active
[2277, 2281, 2307, 2311]
active
[2279, 2283, 2309, 2313]
active
[2363, 2365, 2367, 2369, 2435, 2437, 2439, 2441]
active
[2371, 2375, 2379, 2383, 2443, 2447, 2451, 2455]
active
[2373, 2377, 2381, 2385, 2445, 2449, 2453, 2457]
active
[1077]
inactive
[344]
inactive
[359]
inactive
[369]
inactive
[374]
inactive
[467]
inactive
[494]
inactive
[521]
inactive
[634]
inactive
[654]
inactive
[668]
inactive
[673]
inactive
[822]
inactive
[859]
inactive
[894]
inactive
[114]
inactive
[115]
inactive
[1046]
inactive
[116]
inactive
[117]
inactive
[1061]
inactive
[118]
inactive
[1027]
inactive
[119]
inactive
[1028]
inactive
[1071]
inactive
[1076]
inactive
[120]
inactive
[1034]
inactive
[121]
inactive
[144]
inactive
[145]
inactive
[1253]
inactive
[146]
inactive
[1280]
inactive
[155]
inactive
[156]
inactive
[1307]
inactive
[157]
inactive
[186]
inactive
[187]
inactive
[1574]
inactive
[188]
inactive
[189]
inactive
[1601]
inactive
[1628]
inactive
[261]
inactive
[262]
inactive
[263]
inactive
[341]
inactive
[343]
inactive
[364]
inactive
[365]
inactive
[997]
inactive
[1004]
inactive
[345]
inactive
[366]
inactive
[998]
inactive
[1005]
inactive
[999]
inactive
[1008]
inactive
[371]
inactive
[373]
inactive
[1006]
inactive
[375]
inactive
[1007]
inactive
[1013]
inactive
[633]
inactive
[664]
inactive
[672]
inactive
[1043]
inactive
[1045]
inactive
[1066]
inactive
[1067]
inactive
[1047]
inactive
[1068]
inactive
[1073]
inactive
[1075]
inactive
