
# Number of surprising coincidence classes 575
# Number of non-singleton coincidence classes 575

(0, 1, 2)
[0, 1071, 1135, 1199, 1263, 1583, 1711, 3119, 3183, 3247, 3311, 3631, 3759, 17455, 17519, 17583, 17647, 17967, 18095, 32815, 32879, 32943, 33007, 33327, 33455, 33807, 33821, 33838, 33852, 33871, 33885, 33902, 33916, 33935, 33949, 33966, 33980, 33999, 34013, 34030, 34044, 34319, 34333, 34350, 34364, 34447, 34461, 34478, 34492, 34863, 34927, 34991, 35055, 35375, 35503, 35855, 35869, 35886, 35900, 35919, 35933, 35950, 35964, 35983, 35997, 36014, 36028, 36047, 36061, 36078, 36092, 36367, 36381, 36398, 36412, 36495, 36509, 36526, 36540, 49199, 49263, 49327, 49391, 49711, 49839, 50191, 50205, 50222, 50236, 50255, 50269, 50286, 50300, 50319, 50333, 50350, 50364, 50383, 50397, 50414, 50428, 50703, 50717, 50734, 50748, 50831, 50845, 50862, 50876]
active
[1087, 1151, 1215, 1279, 1599, 1727, 3135, 3199, 3263, 3327, 3647, 3775, 17471, 17535, 17599, 17663, 17983, 18111, 32831, 32895, 32959, 33023, 33343, 33471, 34879, 34943, 35007, 35071, 35391, 35519, 49215, 49279, 49343, 49407, 49727, 49855]
active
[33823, 33887, 33951, 34015, 34335, 34463, 50207, 50271, 50335, 50399, 50719, 50847]
active
[35871, 35935, 35999, 36063, 36383, 36511]
active
[33854, 33982, 34366, 34494, 50238, 50366, 50750, 50878]
active
[33918, 34046, 50302, 50430]
active
[35902, 36030, 36414, 36542]
active
[35966, 36094]
active
[1327, 1391, 1455, 1519, 1839, 1967, 3375, 3439, 3503, 3567, 3887, 4015, 17711, 17775, 17839, 17903, 18223, 18351]
active
[33071, 33135, 33199, 33263, 33583, 33711, 35119, 35183, 35247, 35311, 35631, 35759, 49455, 49519, 49583, 49647, 49967, 50095]
active
[33081, 33085, 33145, 33149, 33209, 33213, 33273, 33277, 33593, 33597, 33721, 33725, 34059, 34063, 34073, 34077, 34090, 34094, 34104, 34108, 34123, 34127, 34137, 34141, 34187, 34191, 34201, 34205, 34218, 34222, 34232, 34236, 34251, 34255, 34265, 34269, 34571, 34575, 34585, 34589, 34602, 34606, 34616, 34620, 34699, 34703, 34713, 34717, 34730, 34734, 34744, 34748, 35129, 35133, 35193, 35197, 35257, 35261, 35321, 35325, 35641, 35645, 35769, 35773, 36107, 36111, 36121, 36125, 36138, 36142, 36152, 36156, 36171, 36175, 36185, 36189, 36235, 36239, 36249, 36253, 36266, 36270, 36280, 36284, 36299, 36303, 36313, 36317, 36619, 36623, 36633, 36637, 36650, 36654, 36664, 36668, 36747, 36751, 36761, 36765, 36778, 36782, 36792, 36796, 49465, 49469, 49529, 49533, 49593, 49597, 49657, 49661, 49977, 49981, 50105, 50109, 50443, 50447, 50457, 50461, 50474, 50478, 50488, 50492, 50507, 50511, 50521, 50525, 50571, 50575, 50585, 50589, 50602, 50606, 50616, 50620, 50635, 50639, 50649, 50653, 50955, 50959, 50969, 50973, 50986, 50990, 51000, 51004, 51083, 51087, 51097, 51101, 51114, 51118, 51128, 51132]
active
[34154, 34158, 34168, 34172, 34282, 34286, 34296, 34300, 50538, 50542, 50552, 50556, 50666, 50670, 50680, 50684]
active
[36202, 36206, 36216, 36220, 36330, 36334, 36344, 36348]
active
[1343, 1407, 1471, 1535, 1855, 1983, 3391, 3455, 3519, 3583, 3903, 4031, 17727, 17791, 17855, 17919, 18239, 18367]
active
[33083, 33087, 33147, 33151, 33211, 33215, 33275, 33279, 33595, 33599, 33723, 33727, 34075, 34079, 34139, 34143, 34203, 34207, 34267, 34271, 34587, 34591, 34715, 34719, 35131, 35135, 35195, 35199, 35259, 35263, 35323, 35327, 35643, 35647, 35771, 35775, 36123, 36127, 36187, 36191, 36251, 36255, 36315, 36319, 36635, 36639, 36763, 36767, 49467, 49471, 49531, 49535, 49595, 49599, 49659, 49663, 49979, 49983, 50107, 50111, 50459, 50463, 50523, 50527, 50587, 50591, 50651, 50655, 50971, 50975, 51099, 51103]
active
[34106, 34110, 34234, 34238, 34618, 34622, 34746, 34750, 50490, 50494, 50618, 50622, 51002, 51006, 51130, 51134]
active
[36154, 36158, 36282, 36286, 36666, 36670, 36794, 36798]
active
[34170, 34174, 34298, 34302, 50554, 50558, 50682, 50686]
active
[36218, 36222, 36346, 36350]
active
[1647, 1775, 3695, 3823, 18031, 18159]
active
[33391, 33519, 35439, 35567, 49775, 49903]
active
[34383, 34397, 34511, 34525, 50767, 50781, 50895, 50909]
active
[36431, 36445, 36559, 36573]
active
[34414, 34428, 34542, 34556, 50798, 50812, 50926, 50940]
active
[36462, 36476, 36590, 36604]
active
[1663, 1791, 3711, 3839, 18047, 18175]
active
[33407, 33535, 35455, 35583, 49791, 49919]
active
[34399, 34527, 50783, 50911]
active
[36447, 36575]
active
[34430, 34558, 50814, 50942]
active
[36478, 36606]
active
[1903, 2031, 3951, 4079, 18287, 18415]
active
[33647, 33775, 35695, 35823, 50031, 50159]
active
[33657, 33661, 33785, 33789, 35705, 35709, 35833, 35837, 50041, 50045, 50169, 50173]
active
[34635, 34639, 34649, 34653, 34666, 34670, 34680, 34684, 34763, 34767, 34777, 34781, 34794, 34798, 34808, 34812, 51019, 51023, 51033, 51037, 51050, 51054, 51064, 51068, 51147, 51151, 51161, 51165, 51178, 51182, 51192, 51196]
active
[36683, 36687, 36697, 36701, 36714, 36718, 36728, 36732, 36811, 36815, 36825, 36829, 36842, 36846, 36856, 36860]
active
[1919, 2047, 3967, 4095, 18303, 18431]
active
[33659, 33663, 33787, 33791, 35707, 35711, 35835, 35839, 50043, 50047, 50171, 50175]
active
[34651, 34655, 34779, 34783, 51035, 51039, 51163, 51167]
active
[36699, 36703, 36827, 36831]
active
[34682, 34686, 34810, 34814, 51066, 51070, 51194, 51198]
active
[36730, 36734, 36858, 36862]
active
[4479, 4607, 5427, 5431, 5435, 5439, 5491, 5495, 5499, 5503, 5555, 5559, 5563, 5567, 5619, 5623, 5627, 5631, 5939, 5943, 5947, 5951, 6067, 6071, 6075, 6079, 6527, 6655, 7475, 7479, 7483, 7487, 7539, 7543, 7547, 7551, 7603, 7607, 7611, 7615, 7667, 7671, 7675, 7679, 7987, 7991, 7995, 7999, 8115, 8119, 8123, 8127, 20863, 20991, 21811, 21815, 21819, 21823, 21875, 21879, 21883, 21887, 21939, 21943, 21947, 21951, 22003, 22007, 22011, 22015, 22323, 22327, 22331, 22335, 22451, 22455, 22459, 22463, 37171, 37175, 37179, 37183, 37235, 37239, 37243, 37247, 37299, 37303, 37307, 37311, 37363, 37367, 37371, 37375, 37683, 37687, 37691, 37695, 37811, 37815, 37819, 37823, 38163, 38167, 38171, 38175, 38227, 38231, 38235, 38239, 38291, 38295, 38299, 38303, 38355, 38359, 38363, 38367, 38675, 38679, 38683, 38687, 38803, 38807, 38811, 38815, 39219, 39223, 39227, 39231, 39283, 39287, 39291, 39295, 39347, 39351, 39355, 39359, 39411, 39415, 39419, 39423, 39731, 39735, 39739, 39743, 39859, 39863, 39867, 39871, 40211, 40215, 40219, 40223, 40275, 40279, 40283, 40287, 40339, 40343, 40347, 40351, 40403, 40407, 40411, 40415, 40723, 40727, 40731, 40735, 40851, 40855, 40859, 40863, 53555, 53559, 53563, 53567, 53619, 53623, 53627, 53631, 53683, 53687, 53691, 53695, 53747, 53751, 53755, 53759, 54067, 54071, 54075, 54079, 54195, 54199, 54203, 54207, 54547, 54551, 54555, 54559, 54611, 54615, 54619, 54623, 54675, 54679, 54683, 54687, 54739, 54743, 54747, 54751, 55059, 55063, 55067, 55071, 55187, 55191, 55195, 55199]
active
[38194, 38198, 38202, 38206, 38322, 38326, 38330, 38334, 38706, 38710, 38714, 38718, 38834, 38838, 38842, 38846, 54578, 54582, 54586, 54590, 54706, 54710, 54714, 54718, 55090, 55094, 55098, 55102, 55218, 55222, 55226, 55230]
active
[40242, 40246, 40250, 40254, 40370, 40374, 40378, 40382, 40754, 40758, 40762, 40766, 40882, 40886, 40890, 40894]
active
[38258, 38262, 38266, 38270, 38386, 38390, 38394, 38398, 54642, 54646, 54650, 54654, 54770, 54774, 54778, 54782]
active
[40306, 40310, 40314, 40318, 40434, 40438, 40442, 40446]
active
[4991, 5119, 6003, 6007, 6011, 6015, 6131, 6135, 6139, 6143, 7039, 7167, 8051, 8055, 8059, 8063, 8179, 8183, 8187, 8191, 21375, 21503, 22387, 22391, 22395, 22399, 22515, 22519, 22523, 22527]
active
[37747, 37751, 37755, 37759, 37875, 37879, 37883, 37887, 39795, 39799, 39803, 39807, 39923, 39927, 39931, 39935, 54131, 54135, 54139, 54143, 54259, 54263, 54267, 54271]
active
[38739, 38743, 38747, 38751, 38867, 38871, 38875, 38879, 55123, 55127, 55131, 55135, 55251, 55255, 55259, 55263]
active
[40787, 40791, 40795, 40799, 40915, 40919, 40923, 40927]
active
[38770, 38774, 38778, 38782, 38898, 38902, 38906, 38910, 55154, 55158, 55162, 55166, 55282, 55286, 55290, 55294]
active
[40818, 40822, 40826, 40830, 40946, 40950, 40954, 40958]
active
[5167, 5295, 5679, 5807, 7215, 7343, 7727, 7855, 21551, 21679, 22063, 22191]
active
[5231, 5359, 7279, 7407, 21615, 21743]
active
[36903, 36911, 36967, 36975, 37031, 37039, 37095, 37103, 37415, 37423, 37543, 37551, 37895, 37903, 37909, 37917, 37959, 37967, 37973, 37981, 38023, 38031, 38037, 38045, 38087, 38095, 38101, 38109, 38407, 38415, 38421, 38429, 38535, 38543, 38549, 38557, 38951, 38959, 39015, 39023, 39079, 39087, 39143, 39151, 39463, 39471, 39591, 39599, 39943, 39951, 39957, 39965, 40007, 40015, 40021, 40029, 40071, 40079, 40085, 40093, 40135, 40143, 40149, 40157, 40455, 40463, 40469, 40477, 40583, 40591, 40597, 40605, 53287, 53295, 53351, 53359, 53415, 53423, 53479, 53487, 53799, 53807, 53927, 53935, 54279, 54287, 54293, 54301, 54343, 54351, 54357, 54365, 54407, 54415, 54421, 54429, 54471, 54479, 54485, 54493, 54791, 54799, 54805, 54813, 54919, 54927, 54933, 54941]
active
[37926, 37934, 37940, 37948, 38054, 38062, 38068, 38076, 38438, 38446, 38452, 38460, 38566, 38574, 38580, 38588, 54310, 54318, 54324, 54332, 54438, 54446, 54452, 54460, 54822, 54830, 54836, 54844, 54950, 54958, 54964, 54972]
active
[37990, 37998, 38004, 38012, 38118, 38126, 38132, 38140, 54374, 54382, 54388, 54396, 54502, 54510, 54516, 54524]
active
[39974, 39982, 39988, 39996, 40102, 40110, 40116, 40124, 40486, 40494, 40500, 40508, 40614, 40622, 40628, 40636]
active
[40038, 40046, 40052, 40060, 40166, 40174, 40180, 40188]
active
[5183, 5311, 5695, 5823, 7231, 7359, 7743, 7871, 21567, 21695, 22079, 22207]
active
[5247, 5375, 7295, 7423, 21631, 21759]
active
[36919, 36927, 36983, 36991, 37047, 37055, 37111, 37119, 37431, 37439, 37559, 37567, 38967, 38975, 39031, 39039, 39095, 39103, 39159, 39167, 39479, 39487, 39607, 39615, 53303, 53311, 53367, 53375, 53431, 53439, 53495, 53503, 53815, 53823, 53943, 53951]
active
[37911, 37919, 37975, 37983, 38039, 38047, 38103, 38111, 38423, 38431, 38551, 38559, 54295, 54303, 54359, 54367, 54423, 54431, 54487, 54495, 54807, 54815, 54935, 54943]
active
[39959, 39967, 40023, 40031, 40087, 40095, 40151, 40159, 40471, 40479, 40599, 40607]
active
[37942, 37950, 38070, 38078, 38454, 38462, 38582, 38590, 54326, 54334, 54454, 54462, 54838, 54846, 54966, 54974]
active
[38006, 38014, 38134, 38142, 54390, 54398, 54518, 54526]
active
[39990, 39998, 40118, 40126, 40502, 40510, 40630, 40638]
active
[40054, 40062, 40182, 40190]
active
[5423, 5487, 5551, 5615, 5935, 6063, 7471, 7535, 7599, 7663, 7983, 8111, 21807, 21871, 21935, 21999, 22319, 22447, 37159, 37167, 37223, 37231, 37287, 37295, 37351, 37359, 37671, 37679, 37799, 37807, 39207, 39215, 39271, 39279, 39335, 39343, 39399, 39407, 39719, 39727, 39847, 39855, 53543, 53551, 53607, 53615, 53671, 53679, 53735, 53743, 54055, 54063, 54183, 54191]
active
[5425, 5429, 5433, 5437, 5489, 5493, 5497, 5501, 5553, 5557, 5561, 5565, 5617, 5621, 5625, 5629, 5937, 5941, 5945, 5949, 6065, 6069, 6073, 6077, 7473, 7477, 7481, 7485, 7537, 7541, 7545, 7549, 7601, 7605, 7609, 7613, 7665, 7669, 7673, 7677, 7985, 7989, 7993, 7997, 8113, 8117, 8121, 8125, 21809, 21813, 21817, 21821, 21873, 21877, 21881, 21885, 21937, 21941, 21945, 21949, 22001, 22005, 22009, 22013, 22321, 22325, 22329, 22333, 22449, 22453, 22457, 22461, 37169, 37173, 37177, 37181, 37233, 37237, 37241, 37245, 37297, 37301, 37305, 37309, 37361, 37365, 37369, 37373, 37681, 37685, 37689, 37693, 37809, 37813, 37817, 37821, 38147, 38151, 38155, 38159, 38161, 38165, 38169, 38173, 38211, 38215, 38219, 38223, 38225, 38229, 38233, 38237, 38275, 38279, 38283, 38287, 38289, 38293, 38297, 38301, 38339, 38343, 38347, 38351, 38353, 38357, 38361, 38365, 38659, 38663, 38667, 38671, 38673, 38677, 38681, 38685, 38787, 38791, 38795, 38799, 38801, 38805, 38809, 38813, 39217, 39221, 39225, 39229, 39281, 39285, 39289, 39293, 39345, 39349, 39353, 39357, 39409, 39413, 39417, 39421, 39729, 39733, 39737, 39741, 39857, 39861, 39865, 39869, 40195, 40199, 40203, 40207, 40209, 40213, 40217, 40221, 40259, 40263, 40267, 40271, 40273, 40277, 40281, 40285, 40323, 40327, 40331, 40335, 40337, 40341, 40345, 40349, 40387, 40391, 40395, 40399, 40401, 40405, 40409, 40413, 40707, 40711, 40715, 40719, 40721, 40725, 40729, 40733, 40835, 40839, 40843, 40847, 40849, 40853, 40857, 40861, 53553, 53557, 53561, 53565, 53617, 53621, 53625, 53629, 53681, 53685, 53689, 53693, 53745, 53749, 53753, 53757, 54065, 54069, 54073, 54077, 54193, 54197, 54201, 54205, 54531, 54535, 54539, 54543, 54545, 54549, 54553, 54557, 54595, 54599, 54603, 54607, 54609, 54613, 54617, 54621, 54659, 54663, 54667, 54671, 54673, 54677, 54681, 54685, 54723, 54727, 54731, 54735, 54737, 54741, 54745, 54749, 55043, 55047, 55051, 55055, 55057, 55061, 55065, 55069, 55171, 55175, 55179, 55183, 55185, 55189, 55193, 55197]
active
[38178, 38182, 38186, 38190, 38192, 38196, 38200, 38204, 38306, 38310, 38314, 38318, 38320, 38324, 38328, 38332, 38690, 38694, 38698, 38702, 38704, 38708, 38712, 38716, 38818, 38822, 38826, 38830, 38832, 38836, 38840, 38844, 54562, 54566, 54570, 54574, 54576, 54580, 54584, 54588, 54690, 54694, 54698, 54702, 54704, 54708, 54712, 54716, 55074, 55078, 55082, 55086, 55088, 55092, 55096, 55100, 55202, 55206, 55210, 55214, 55216, 55220, 55224, 55228]
active
[40226, 40230, 40234, 40238, 40240, 40244, 40248, 40252, 40354, 40358, 40362, 40366, 40368, 40372, 40376, 40380, 40738, 40742, 40746, 40750, 40752, 40756, 40760, 40764, 40866, 40870, 40874, 40878, 40880, 40884, 40888, 40892]
active
[38242, 38246, 38250, 38254, 38256, 38260, 38264, 38268, 38370, 38374, 38378, 38382, 38384, 38388, 38392, 38396, 54626, 54630, 54634, 54638, 54640, 54644, 54648, 54652, 54754, 54758, 54762, 54766, 54768, 54772, 54776, 54780]
active
[40290, 40294, 40298, 40302, 40304, 40308, 40312, 40316, 40418, 40422, 40426, 40430, 40432, 40436, 40440, 40444]
active
[5743, 5871, 7791, 7919, 22127, 22255]
active
[37479, 37487, 37607, 37615, 39527, 39535, 39655, 39663, 53863, 53871, 53991, 53999]
active
[38471, 38479, 38485, 38493, 38599, 38607, 38613, 38621, 54855, 54863, 54869, 54877, 54983, 54991, 54997, 55005]
active
[40519, 40527, 40533, 40541, 40647, 40655, 40661, 40669]
active
[38502, 38510, 38516, 38524, 38630, 38638, 38644, 38652, 54886, 54894, 54900, 54908, 55014, 55022, 55028, 55036]
active
[40550, 40558, 40564, 40572, 40678, 40686, 40692, 40700]
active
[5759, 5887, 7807, 7935, 22143, 22271]
active
[37495, 37503, 37623, 37631, 39543, 39551, 39671, 39679, 53879, 53887, 54007, 54015]
active
[38487, 38495, 38615, 38623, 54871, 54879, 54999, 55007]
active
[40535, 40543, 40663, 40671]
active
[38518, 38526, 38646, 38654, 54902, 54910, 55030, 55038]
active
[40566, 40574, 40694, 40702]
active
[5999, 6127, 8047, 8175, 22383, 22511]
active
[6001, 6005, 6009, 6013, 6129, 6133, 6137, 6141, 8049, 8053, 8057, 8061, 8177, 8181, 8185, 8189, 22385, 22389, 22393, 22397, 22513, 22517, 22521, 22525]
active
[37735, 37743, 37863, 37871, 39783, 39791, 39911, 39919, 54119, 54127, 54247, 54255]
active
[37745, 37749, 37753, 37757, 37873, 37877, 37881, 37885, 39793, 39797, 39801, 39805, 39921, 39925, 39929, 39933, 54129, 54133, 54137, 54141, 54257, 54261, 54265, 54269]
active
[38723, 38727, 38731, 38735, 38737, 38741, 38745, 38749, 38851, 38855, 38859, 38863, 38865, 38869, 38873, 38877, 55107, 55111, 55115, 55119, 55121, 55125, 55129, 55133, 55235, 55239, 55243, 55247, 55249, 55253, 55257, 55261]
active
[40771, 40775, 40779, 40783, 40785, 40789, 40793, 40797, 40899, 40903, 40907, 40911, 40913, 40917, 40921, 40925]
active
[38754, 38758, 38762, 38766, 38768, 38772, 38776, 38780, 38882, 38886, 38890, 38894, 38896, 38900, 38904, 38908, 55138, 55142, 55146, 55150, 55152, 55156, 55160, 55164, 55266, 55270, 55274, 55278, 55280, 55284, 55288, 55292]
active
[40802, 40806, 40810, 40814, 40816, 40820, 40824, 40828, 40930, 40934, 40938, 40942, 40944, 40948, 40952, 40956]
active
[9263, 9391, 9775, 9903, 11311, 11439, 11823, 11951, 25647, 25775, 26159, 26287, 41007, 41071, 41135, 41199, 41519, 41647, 41999, 42013, 42063, 42077, 42127, 42141, 42191, 42205, 42511, 42525, 42639, 42653, 43055, 43119, 43183, 43247, 43567, 43695, 57391, 57455, 57519, 57583, 57903, 58031, 58383, 58397, 58447, 58461, 58511, 58525, 58575, 58589, 58895, 58909, 59023, 59037]
active
[9327, 9455, 11375, 11503, 25711, 25839]
active
[42030, 42044, 42094, 42108, 42158, 42172, 42222, 42236, 42542, 42556, 42670, 42684, 58414, 58428, 58478, 58492, 58542, 58556, 58606, 58620, 58926, 58940, 59054, 59068]
active
[44047, 44061, 44111, 44125, 44175, 44189, 44239, 44253, 44559, 44573, 44687, 44701]
active
[44078, 44092, 44142, 44156, 44206, 44220, 44270, 44284, 44590, 44604, 44718, 44732]
active
[9279, 9407, 9791, 9919, 11327, 11455, 11839, 11967, 25663, 25791, 26175, 26303, 41023, 41087, 41151, 41215, 41535, 41663, 43071, 43135, 43199, 43263, 43583, 43711, 57407, 57471, 57535, 57599, 57919, 58047]
active
[9343, 9471, 11391, 11519, 25727, 25855]
active
[42015, 42079, 42143, 42207, 42527, 42655, 58399, 58463, 58527, 58591, 58911, 59039]
active
[42046, 42174, 42558, 42686, 58430, 58558, 58942, 59070]
active
[42110, 42238, 58494, 58622]
active
[44063, 44127, 44191, 44255, 44575, 44703]
active
[44094, 44222, 44606, 44734]
active
[44158, 44286]
active
[9519, 9647, 10031, 10159, 11567, 11695, 12079, 12207, 25903, 26031, 26415, 26543]
active
[9583, 9711, 11631, 11759, 25967, 26095]
active
[41263, 41327, 41391, 41455, 41775, 41903, 43311, 43375, 43439, 43503, 43823, 43951, 57647, 57711, 57775, 57839, 58159, 58287]
active
[41273, 41277, 41337, 41341, 41401, 41405, 41465, 41469, 41785, 41789, 41913, 41917, 42251, 42255, 42265, 42269, 42315, 42319, 42329, 42333, 42379, 42383, 42393, 42397, 42443, 42447, 42457, 42461, 42763, 42767, 42777, 42781, 42891, 42895, 42905, 42909, 43321, 43325, 43385, 43389, 43449, 43453, 43513, 43517, 43833, 43837, 43961, 43965, 57657, 57661, 57721, 57725, 57785, 57789, 57849, 57853, 58169, 58173, 58297, 58301, 58635, 58639, 58649, 58653, 58699, 58703, 58713, 58717, 58763, 58767, 58777, 58781, 58827, 58831, 58841, 58845, 59147, 59151, 59161, 59165, 59275, 59279, 59289, 59293]
active
[42282, 42286, 42296, 42300, 42410, 42414, 42424, 42428, 42794, 42798, 42808, 42812, 42922, 42926, 42936, 42940, 58666, 58670, 58680, 58684, 58794, 58798, 58808, 58812, 59178, 59182, 59192, 59196, 59306, 59310, 59320, 59324]
active
[42346, 42350, 42360, 42364, 42474, 42478, 42488, 42492, 58730, 58734, 58744, 58748, 58858, 58862, 58872, 58876]
active
[44299, 44303, 44313, 44317, 44363, 44367, 44377, 44381, 44427, 44431, 44441, 44445, 44491, 44495, 44505, 44509, 44811, 44815, 44825, 44829, 44939, 44943, 44953, 44957]
active
[44330, 44334, 44344, 44348, 44458, 44462, 44472, 44476, 44842, 44846, 44856, 44860, 44970, 44974, 44984, 44988]
active
[44394, 44398, 44408, 44412, 44522, 44526, 44536, 44540]
active
[9535, 9663, 10047, 10175, 11583, 11711, 12095, 12223, 25919, 26047, 26431, 26559]
active
[9599, 9727, 11647, 11775, 25983, 26111]
active
[41275, 41279, 41339, 41343, 41403, 41407, 41467, 41471, 41787, 41791, 41915, 41919, 42267, 42271, 42331, 42335, 42395, 42399, 42459, 42463, 42779, 42783, 42907, 42911, 43323, 43327, 43387, 43391, 43451, 43455, 43515, 43519, 43835, 43839, 43963, 43967, 57659, 57663, 57723, 57727, 57787, 57791, 57851, 57855, 58171, 58175, 58299, 58303, 58651, 58655, 58715, 58719, 58779, 58783, 58843, 58847, 59163, 59167, 59291, 59295]
active
[42298, 42302, 42426, 42430, 42810, 42814, 42938, 42942, 58682, 58686, 58810, 58814, 59194, 59198, 59322, 59326]
active
[42362, 42366, 42490, 42494, 58746, 58750, 58874, 58878]
active
[44315, 44319, 44379, 44383, 44443, 44447, 44507, 44511, 44827, 44831, 44955, 44959]
active
[44346, 44350, 44474, 44478, 44858, 44862, 44986, 44990]
active
[44410, 44414, 44538, 44542]
active
[9839, 9967, 11887, 12015, 26223, 26351, 41583, 41711, 43631, 43759, 57967, 58095]
active
[42575, 42589, 42703, 42717, 58959, 58973, 59087, 59101]
active
[42606, 42620, 42734, 42748, 58990, 59004, 59118, 59132]
active
[44623, 44637, 44751, 44765]
active
[44654, 44668, 44782, 44796]
active
[9855, 9983, 11903, 12031, 26239, 26367, 41599, 41727, 43647, 43775, 57983, 58111]
active
[42591, 42719, 58975, 59103]
active
[42622, 42750, 59006, 59134]
active
[44639, 44767]
active
[44670, 44798]
active
[10095, 10223, 12143, 12271, 26479, 26607]
active
[41839, 41967, 43887, 44015, 58223, 58351]
active
[41849, 41853, 41977, 41981, 43897, 43901, 44025, 44029, 58233, 58237, 58361, 58365]
active
[42827, 42831, 42841, 42845, 42955, 42959, 42969, 42973, 59211, 59215, 59225, 59229, 59339, 59343, 59353, 59357]
active
[42858, 42862, 42872, 42876, 42986, 42990, 43000, 43004, 59242, 59246, 59256, 59260, 59370, 59374, 59384, 59388]
active
[44875, 44879, 44889, 44893, 45003, 45007, 45017, 45021]
active
[44906, 44910, 44920, 44924, 45034, 45038, 45048, 45052]
active
[10111, 10239, 12159, 12287, 26495, 26623]
active
[41851, 41855, 41979, 41983, 43899, 43903, 44027, 44031, 58235, 58239, 58363, 58367]
active
[42843, 42847, 42971, 42975, 59227, 59231, 59355, 59359]
active
[42874, 42878, 43002, 43006, 59258, 59262, 59386, 59390]
active
[44891, 44895, 45019, 45023]
active
[44922, 44926, 45050, 45054]
active
[12671, 12799, 13619, 13623, 13627, 13631, 13747, 13751, 13755, 13759, 14131, 14135, 14139, 14143, 14259, 14263, 14267, 14271, 14719, 14847, 15667, 15671, 15675, 15679, 15795, 15799, 15803, 15807, 16179, 16183, 16187, 16191, 16307, 16311, 16315, 16319, 29055, 29183, 30003, 30007, 30011, 30015, 30131, 30135, 30139, 30143, 30515, 30519, 30523, 30527, 30643, 30647, 30651, 30655, 45363, 45367, 45371, 45375, 45427, 45431, 45435, 45439, 45491, 45495, 45499, 45503, 45555, 45559, 45563, 45567, 45875, 45879, 45883, 45887, 46003, 46007, 46011, 46015, 46355, 46359, 46363, 46367, 46419, 46423, 46427, 46431, 46483, 46487, 46491, 46495, 46547, 46551, 46555, 46559, 46867, 46871, 46875, 46879, 46995, 46999, 47003, 47007, 47411, 47415, 47419, 47423, 47475, 47479, 47483, 47487, 47539, 47543, 47547, 47551, 47603, 47607, 47611, 47615, 47923, 47927, 47931, 47935, 48051, 48055, 48059, 48063, 61747, 61751, 61755, 61759, 61811, 61815, 61819, 61823, 61875, 61879, 61883, 61887, 61939, 61943, 61947, 61951, 62259, 62263, 62267, 62271, 62387, 62391, 62395, 62399, 62739, 62743, 62747, 62751, 62803, 62807, 62811, 62815, 62867, 62871, 62875, 62879, 62931, 62935, 62939, 62943, 63251, 63255, 63259, 63263, 63379, 63383, 63387, 63391]
active
[13683, 13687, 13691, 13695, 13811, 13815, 13819, 13823, 15731, 15735, 15739, 15743, 15859, 15863, 15867, 15871, 30067, 30071, 30075, 30079, 30195, 30199, 30203, 30207]
active
[46386, 46390, 46394, 46398, 46514, 46518, 46522, 46526, 46898, 46902, 46906, 46910, 47026, 47030, 47034, 47038, 62770, 62774, 62778, 62782, 62898, 62902, 62906, 62910, 63282, 63286, 63290, 63294, 63410, 63414, 63418, 63422]
active
[46450, 46454, 46458, 46462, 46578, 46582, 46586, 46590, 62834, 62838, 62842, 62846, 62962, 62966, 62970, 62974]
active
[48403, 48407, 48411, 48415, 48467, 48471, 48475, 48479, 48531, 48535, 48539, 48543, 48595, 48599, 48603, 48607, 48915, 48919, 48923, 48927, 49043, 49047, 49051, 49055]
active
[48434, 48438, 48442, 48446, 48562, 48566, 48570, 48574, 48946, 48950, 48954, 48958, 49074, 49078, 49082, 49086]
active
[48498, 48502, 48506, 48510, 48626, 48630, 48634, 48638]
active
[13183, 13311, 14195, 14199, 14203, 14207, 14323, 14327, 14331, 14335, 15231, 15359, 16243, 16247, 16251, 16255, 16371, 16375, 16379, 16383, 29567, 29695, 30579, 30583, 30587, 30591, 30707, 30711, 30715, 30719, 45939, 45943, 45947, 45951, 46067, 46071, 46075, 46079, 47987, 47991, 47995, 47999, 48115, 48119, 48123, 48127, 62323, 62327, 62331, 62335, 62451, 62455, 62459, 62463]
active
[46931, 46935, 46939, 46943, 47059, 47063, 47067, 47071, 63315, 63319, 63323, 63327, 63443, 63447, 63451, 63455]
active
[46962, 46966, 46970, 46974, 47090, 47094, 47098, 47102, 63346, 63350, 63354, 63358, 63474, 63478, 63482, 63486]
active
[48979, 48983, 48987, 48991, 49107, 49111, 49115, 49119]
active
[49010, 49014, 49018, 49022, 49138, 49142, 49146, 49150]
active
[13359, 13487, 13871, 13999, 15407, 15535, 15919, 16047, 29743, 29871, 30255, 30383]
active
[13423, 13551, 15471, 15599, 29807, 29935]
active
[45095, 45103, 45159, 45167, 45223, 45231, 45287, 45295, 45607, 45615, 45735, 45743, 46087, 46095, 46101, 46109, 46118, 46126, 46132, 46140, 46151, 46159, 46165, 46173, 46182, 46190, 46196, 46204, 46215, 46223, 46229, 46237, 46246, 46254, 46260, 46268, 46279, 46287, 46293, 46301, 46310, 46318, 46324, 46332, 46599, 46607, 46613, 46621, 46630, 46638, 46644, 46652, 46727, 46735, 46741, 46749, 46758, 46766, 46772, 46780, 47143, 47151, 47207, 47215, 47271, 47279, 47335, 47343, 47655, 47663, 47783, 47791, 61479, 61487, 61543, 61551, 61607, 61615, 61671, 61679, 61991, 61999, 62119, 62127, 62471, 62479, 62485, 62493, 62502, 62510, 62516, 62524, 62535, 62543, 62549, 62557, 62566, 62574, 62580, 62588, 62599, 62607, 62613, 62621, 62630, 62638, 62644, 62652, 62663, 62671, 62677, 62685, 62694, 62702, 62708, 62716, 62983, 62991, 62997, 63005, 63014, 63022, 63028, 63036, 63111, 63119, 63125, 63133, 63142, 63150, 63156, 63164]
active
[48135, 48143, 48149, 48157, 48166, 48174, 48180, 48188, 48199, 48207, 48213, 48221, 48230, 48238, 48244, 48252, 48263, 48271, 48277, 48285, 48294, 48302, 48308, 48316, 48327, 48335, 48341, 48349, 48358, 48366, 48372, 48380, 48647, 48655, 48661, 48669, 48678, 48686, 48692, 48700, 48775, 48783, 48789, 48797, 48806, 48814, 48820, 48828]
active
[13375, 13503, 13887, 14015, 15423, 15551, 15935, 16063, 29759, 29887, 30271, 30399]
active
[13439, 13567, 15487, 15615, 29823, 29951]
active
[45111, 45119, 45175, 45183, 45239, 45247, 45303, 45311, 45623, 45631, 45751, 45759, 47159, 47167, 47223, 47231, 47287, 47295, 47351, 47359, 47671, 47679, 47799, 47807, 61495, 61503, 61559, 61567, 61623, 61631, 61687, 61695, 62007, 62015, 62135, 62143]
active
[46103, 46111, 46167, 46175, 46231, 46239, 46295, 46303, 46615, 46623, 46743, 46751, 62487, 62495, 62551, 62559, 62615, 62623, 62679, 62687, 62999, 63007, 63127, 63135]
active
[46134, 46142, 46262, 46270, 46646, 46654, 46774, 46782, 62518, 62526, 62646, 62654, 63030, 63038, 63158, 63166]
active
[46198, 46206, 46326, 46334, 62582, 62590, 62710, 62718]
active
[48151, 48159, 48215, 48223, 48279, 48287, 48343, 48351, 48663, 48671, 48791, 48799]
active
[48182, 48190, 48310, 48318, 48694, 48702, 48822, 48830]
active
[48246, 48254, 48374, 48382]
active
[13615, 13743, 14127, 14255, 15663, 15791, 16175, 16303, 29999, 30127, 30511, 30639, 45351, 45359, 45415, 45423, 45479, 45487, 45543, 45551, 45863, 45871, 45991, 45999, 47399, 47407, 47463, 47471, 47527, 47535, 47591, 47599, 47911, 47919, 48039, 48047, 61735, 61743, 61799, 61807, 61863, 61871, 61927, 61935, 62247, 62255, 62375, 62383]
active
[13617, 13621, 13625, 13629, 13745, 13749, 13753, 13757, 14129, 14133, 14137, 14141, 14257, 14261, 14265, 14269, 15665, 15669, 15673, 15677, 15793, 15797, 15801, 15805, 16177, 16181, 16185, 16189, 16305, 16309, 16313, 16317, 30001, 30005, 30009, 30013, 30129, 30133, 30137, 30141, 30513, 30517, 30521, 30525, 30641, 30645, 30649, 30653, 45361, 45365, 45369, 45373, 45425, 45429, 45433, 45437, 45489, 45493, 45497, 45501, 45553, 45557, 45561, 45565, 45873, 45877, 45881, 45885, 46001, 46005, 46009, 46013, 46339, 46343, 46347, 46351, 46353, 46357, 46361, 46365, 46370, 46374, 46378, 46382, 46384, 46388, 46392, 46396, 46403, 46407, 46411, 46415, 46417, 46421, 46425, 46429, 46467, 46471, 46475, 46479, 46481, 46485, 46489, 46493, 46498, 46502, 46506, 46510, 46512, 46516, 46520, 46524, 46531, 46535, 46539, 46543, 46545, 46549, 46553, 46557, 46851, 46855, 46859, 46863, 46865, 46869, 46873, 46877, 46882, 46886, 46890, 46894, 46896, 46900, 46904, 46908, 46979, 46983, 46987, 46991, 46993, 46997, 47001, 47005, 47010, 47014, 47018, 47022, 47024, 47028, 47032, 47036, 47409, 47413, 47417, 47421, 47473, 47477, 47481, 47485, 47537, 47541, 47545, 47549, 47601, 47605, 47609, 47613, 47921, 47925, 47929, 47933, 48049, 48053, 48057, 48061, 61745, 61749, 61753, 61757, 61809, 61813, 61817, 61821, 61873, 61877, 61881, 61885, 61937, 61941, 61945, 61949, 62257, 62261, 62265, 62269, 62385, 62389, 62393, 62397, 62723, 62727, 62731, 62735, 62737, 62741, 62745, 62749, 62754, 62758, 62762, 62766, 62768, 62772, 62776, 62780, 62787, 62791, 62795, 62799, 62801, 62805, 62809, 62813, 62851, 62855, 62859, 62863, 62865, 62869, 62873, 62877, 62882, 62886, 62890, 62894, 62896, 62900, 62904, 62908, 62915, 62919, 62923, 62927, 62929, 62933, 62937, 62941, 63235, 63239, 63243, 63247, 63249, 63253, 63257, 63261, 63266, 63270, 63274, 63278, 63280, 63284, 63288, 63292, 63363, 63367, 63371, 63375, 63377, 63381, 63385, 63389, 63394, 63398, 63402, 63406, 63408, 63412, 63416, 63420]
active
[13679, 13807, 15727, 15855, 30063, 30191]
active
[13681, 13685, 13689, 13693, 13809, 13813, 13817, 13821, 15729, 15733, 15737, 15741, 15857, 15861, 15865, 15869, 30065, 30069, 30073, 30077, 30193, 30197, 30201, 30205]
active
[46434, 46438, 46442, 46446, 46448, 46452, 46456, 46460, 46562, 46566, 46570, 46574, 46576, 46580, 46584, 46588, 62818, 62822, 62826, 62830, 62832, 62836, 62840, 62844, 62946, 62950, 62954, 62958, 62960, 62964, 62968, 62972]
active
[48387, 48391, 48395, 48399, 48401, 48405, 48409, 48413, 48418, 48422, 48426, 48430, 48432, 48436, 48440, 48444, 48451, 48455, 48459, 48463, 48465, 48469, 48473, 48477, 48515, 48519, 48523, 48527, 48529, 48533, 48537, 48541, 48546, 48550, 48554, 48558, 48560, 48564, 48568, 48572, 48579, 48583, 48587, 48591, 48593, 48597, 48601, 48605, 48899, 48903, 48907, 48911, 48913, 48917, 48921, 48925, 48930, 48934, 48938, 48942, 48944, 48948, 48952, 48956, 49027, 49031, 49035, 49039, 49041, 49045, 49049, 49053, 49058, 49062, 49066, 49070, 49072, 49076, 49080, 49084]
active
[48482, 48486, 48490, 48494, 48496, 48500, 48504, 48508, 48610, 48614, 48618, 48622, 48624, 48628, 48632, 48636]
active
[13935, 14063, 15983, 16111, 30319, 30447]
active
[45671, 45679, 45799, 45807, 47719, 47727, 47847, 47855, 62055, 62063, 62183, 62191]
active
[46663, 46671, 46677, 46685, 46791, 46799, 46805, 46813, 63047, 63055, 63061, 63069, 63175, 63183, 63189, 63197]
active
[46694, 46702, 46708, 46716, 46822, 46830, 46836, 46844, 63078, 63086, 63092, 63100, 63206, 63214, 63220, 63228]
active
[48711, 48719, 48725, 48733, 48839, 48847, 48853, 48861]
active
[48742, 48750, 48756, 48764, 48870, 48878, 48884, 48892]
active
[13951, 14079, 15999, 16127, 30335, 30463]
active
[45687, 45695, 45815, 45823, 47735, 47743, 47863, 47871, 62071, 62079, 62199, 62207]
active
[46679, 46687, 46807, 46815, 63063, 63071, 63191, 63199]
active
[46710, 46718, 46838, 46846, 63094, 63102, 63222, 63230]
active
[48727, 48735, 48855, 48863]
active
[48758, 48766, 48886, 48894]
active
[14191, 14319, 16239, 16367, 30575, 30703, 45927, 45935, 46055, 46063, 47975, 47983, 48103, 48111, 62311, 62319, 62439, 62447]
active
[14193, 14197, 14201, 14205, 14321, 14325, 14329, 14333, 16241, 16245, 16249, 16253, 16369, 16373, 16377, 16381, 30577, 30581, 30585, 30589, 30705, 30709, 30713, 30717, 45937, 45941, 45945, 45949, 46065, 46069, 46073, 46077, 47985, 47989, 47993, 47997, 48113, 48117, 48121, 48125, 62321, 62325, 62329, 62333, 62449, 62453, 62457, 62461]
active
[46915, 46919, 46923, 46927, 46929, 46933, 46937, 46941, 46946, 46950, 46954, 46958, 46960, 46964, 46968, 46972, 47043, 47047, 47051, 47055, 47057, 47061, 47065, 47069, 47074, 47078, 47082, 47086, 47088, 47092, 47096, 47100, 63299, 63303, 63307, 63311, 63313, 63317, 63321, 63325, 63330, 63334, 63338, 63342, 63344, 63348, 63352, 63356, 63427, 63431, 63435, 63439, 63441, 63445, 63449, 63453, 63458, 63462, 63466, 63470, 63472, 63476, 63480, 63484]
active
[48963, 48967, 48971, 48975, 48977, 48981, 48985, 48989, 48994, 48998, 49002, 49006, 49008, 49012, 49016, 49020, 49091, 49095, 49099, 49103, 49105, 49109, 49113, 49117, 49122, 49126, 49130, 49134, 49136, 49140, 49144, 49148]
active
[19503, 19631, 20015, 20143]
active
[19567, 19695]
active
[51247, 51311, 51375, 51439, 51759, 51887]
active
[52239, 52253, 52270, 52284, 52303, 52317, 52334, 52348, 52367, 52381, 52398, 52412, 52431, 52445, 52462, 52476, 52751, 52765, 52782, 52796, 52879, 52893, 52910, 52924]
active
[19519, 19647, 20031, 20159]
active
[19583, 19711]
active
[51263, 51327, 51391, 51455, 51775, 51903]
active
[52255, 52319, 52383, 52447, 52767, 52895]
active
[52286, 52414, 52798, 52926]
active
[52350, 52478]
active
[19759, 19887, 20271, 20399]
active
[19823, 19951]
active
[51503, 51567, 51631, 51695, 52015, 52143]
active
[51513, 51517, 51577, 51581, 51641, 51645, 51705, 51709, 52025, 52029, 52153, 52157]
active
[52491, 52495, 52505, 52509, 52522, 52526, 52536, 52540, 52555, 52559, 52569, 52573, 52619, 52623, 52633, 52637, 52650, 52654, 52664, 52668, 52683, 52687, 52697, 52701, 53003, 53007, 53017, 53021, 53034, 53038, 53048, 53052, 53131, 53135, 53145, 53149, 53162, 53166, 53176, 53180]
active
[52586, 52590, 52600, 52604, 52714, 52718, 52728, 52732]
active
[19775, 19903, 20287, 20415]
active
[19839, 19967]
active
[51515, 51519, 51579, 51583, 51643, 51647, 51707, 51711, 52027, 52031, 52155, 52159]
active
[52507, 52511, 52571, 52575, 52635, 52639, 52699, 52703, 53019, 53023, 53147, 53151]
active
[52538, 52542, 52666, 52670, 53050, 53054, 53178, 53182]
active
[52602, 52606, 52730, 52734]
active
[20079, 20207]
active
[51823, 51951]
active
[52815, 52829, 52943, 52957]
active
[52846, 52860, 52974, 52988]
active
[20095, 20223]
active
[51839, 51967]
active
[52831, 52959]
active
[52862, 52990]
active
[20335, 20463]
active
[52079, 52207]
active
[52089, 52093, 52217, 52221]
active
[53067, 53071, 53081, 53085, 53098, 53102, 53112, 53116, 53195, 53199, 53209, 53213, 53226, 53230, 53240, 53244]
active
[20351, 20479]
active
[52091, 52095, 52219, 52223]
active
[53083, 53087, 53211, 53215]
active
[53114, 53118, 53242, 53246]
active
[22911, 23039]
active
[23859, 23863, 23867, 23871, 23987, 23991, 23995, 23999, 24371, 24375, 24379, 24383, 24499, 24503, 24507, 24511]
active
[23923, 23927, 23931, 23935, 24051, 24055, 24059, 24063]
active
[55603, 55607, 55611, 55615, 55667, 55671, 55675, 55679, 55731, 55735, 55739, 55743, 55795, 55799, 55803, 55807, 56115, 56119, 56123, 56127, 56243, 56247, 56251, 56255]
active
[56595, 56599, 56603, 56607, 56659, 56663, 56667, 56671, 56723, 56727, 56731, 56735, 56787, 56791, 56795, 56799, 57107, 57111, 57115, 57119, 57235, 57239, 57243, 57247]
active
[56626, 56630, 56634, 56638, 56754, 56758, 56762, 56766, 57138, 57142, 57146, 57150, 57266, 57270, 57274, 57278]
active
[56690, 56694, 56698, 56702, 56818, 56822, 56826, 56830]
active
[23423, 23551]
active
[24435, 24439, 24443, 24447, 24563, 24567, 24571, 24575]
active
[56179, 56183, 56187, 56191, 56307, 56311, 56315, 56319]
active
[57171, 57175, 57179, 57183, 57299, 57303, 57307, 57311]
active
[57202, 57206, 57210, 57214, 57330, 57334, 57338, 57342]
active
[23599, 23727, 24111, 24239]
active
[23663, 23791]
active
[55335, 55343, 55399, 55407, 55463, 55471, 55527, 55535, 55847, 55855, 55975, 55983]
active
[56327, 56335, 56341, 56349, 56391, 56399, 56405, 56413, 56455, 56463, 56469, 56477, 56519, 56527, 56533, 56541, 56839, 56847, 56853, 56861, 56967, 56975, 56981, 56989]
active
[56358, 56366, 56372, 56380, 56486, 56494, 56500, 56508, 56870, 56878, 56884, 56892, 56998, 57006, 57012, 57020]
active
[56422, 56430, 56436, 56444, 56550, 56558, 56564, 56572]
active
[23615, 23743, 24127, 24255]
active
[23679, 23807]
active
[55351, 55359, 55415, 55423, 55479, 55487, 55543, 55551, 55863, 55871, 55991, 55999]
active
[56343, 56351, 56407, 56415, 56471, 56479, 56535, 56543, 56855, 56863, 56983, 56991]
active
[56374, 56382, 56502, 56510, 56886, 56894, 57014, 57022]
active
[56438, 56446, 56566, 56574]
active
[23855, 23983, 24367, 24495]
active
[23919, 24047]
active
[23857, 23861, 23865, 23869, 23985, 23989, 23993, 23997, 24369, 24373, 24377, 24381, 24497, 24501, 24505, 24509]
active
[23921, 23925, 23929, 23933, 24049, 24053, 24057, 24061]
active
[55591, 55599, 55655, 55663, 55719, 55727, 55783, 55791, 56103, 56111, 56231, 56239]
active
[55601, 55605, 55609, 55613, 55665, 55669, 55673, 55677, 55729, 55733, 55737, 55741, 55793, 55797, 55801, 55805, 56113, 56117, 56121, 56125, 56241, 56245, 56249, 56253]
active
[56579, 56583, 56587, 56591, 56593, 56597, 56601, 56605, 56643, 56647, 56651, 56655, 56657, 56661, 56665, 56669, 56707, 56711, 56715, 56719, 56721, 56725, 56729, 56733, 56771, 56775, 56779, 56783, 56785, 56789, 56793, 56797, 57091, 57095, 57099, 57103, 57105, 57109, 57113, 57117, 57219, 57223, 57227, 57231, 57233, 57237, 57241, 57245]
active
[56610, 56614, 56618, 56622, 56624, 56628, 56632, 56636, 56738, 56742, 56746, 56750, 56752, 56756, 56760, 56764, 57122, 57126, 57130, 57134, 57136, 57140, 57144, 57148, 57250, 57254, 57258, 57262, 57264, 57268, 57272, 57276]
active
[56674, 56678, 56682, 56686, 56688, 56692, 56696, 56700, 56802, 56806, 56810, 56814, 56816, 56820, 56824, 56828]
active
[24175, 24303]
active
[55911, 55919, 56039, 56047]
active
[56903, 56911, 56917, 56925, 57031, 57039, 57045, 57053]
active
[56934, 56942, 56948, 56956, 57062, 57070, 57076, 57084]
active
[24191, 24319]
active
[55927, 55935, 56055, 56063]
active
[56919, 56927, 57047, 57055]
active
[56950, 56958, 57078, 57086]
active
[24431, 24559]
active
[24433, 24437, 24441, 24445, 24561, 24565, 24569, 24573]
active
[56167, 56175, 56295, 56303]
active
[56177, 56181, 56185, 56189, 56305, 56309, 56313, 56317]
active
[57155, 57159, 57163, 57167, 57169, 57173, 57177, 57181, 57283, 57287, 57291, 57295, 57297, 57301, 57305, 57309]
active
[57186, 57190, 57194, 57198, 57200, 57204, 57208, 57212, 57314, 57318, 57322, 57326, 57328, 57332, 57336, 57340]
active
[27695, 27823, 28207, 28335]
active
[27759, 27887]
active
[59439, 59503, 59567, 59631, 59951, 60079, 60431, 60445, 60495, 60509, 60559, 60573, 60623, 60637, 60943, 60957, 61071, 61085]
active
[60462, 60476, 60526, 60540, 60590, 60604, 60654, 60668, 60974, 60988, 61102, 61116]
active
[27711, 27839, 28223, 28351]
active
[27775, 27903]
active
[59455, 59519, 59583, 59647, 59967, 60095]
active
[60447, 60511, 60575, 60639, 60959, 61087]
active
[60478, 60606, 60990, 61118]
active
[60542, 60670]
active
[27951, 28079, 28463, 28591]
active
[28015, 28143]
active
[59695, 59759, 59823, 59887, 60207, 60335]
active
[59705, 59709, 59769, 59773, 59833, 59837, 59897, 59901, 60217, 60221, 60345, 60349, 60683, 60687, 60697, 60701, 60747, 60751, 60761, 60765, 60811, 60815, 60825, 60829, 60875, 60879, 60889, 60893, 61195, 61199, 61209, 61213, 61323, 61327, 61337, 61341]
active
[60714, 60718, 60728, 60732, 60842, 60846, 60856, 60860, 61226, 61230, 61240, 61244, 61354, 61358, 61368, 61372]
active
[60778, 60782, 60792, 60796, 60906, 60910, 60920, 60924]
active
[27967, 28095, 28479, 28607]
active
[28031, 28159]
active
[59707, 59711, 59771, 59775, 59835, 59839, 59899, 59903, 60219, 60223, 60347, 60351, 60699, 60703, 60763, 60767, 60827, 60831, 60891, 60895, 61211, 61215, 61339, 61343]
active
[60730, 60734, 60858, 60862, 61242, 61246, 61370, 61374]
active
[60794, 60798, 60922, 60926]
active
[28271, 28399]
active
[60015, 60143]
active
[61007, 61021, 61135, 61149]
active
[61038, 61052, 61166, 61180]
active
[28287, 28415]
active
[60031, 60159]
active
[61023, 61151]
active
[61054, 61182]
active
[28527, 28655]
active
[60271, 60399]
active
[60281, 60285, 60409, 60413]
active
[61259, 61263, 61273, 61277, 61387, 61391, 61401, 61405]
active
[61290, 61294, 61304, 61308, 61418, 61422, 61432, 61436]
active
[28543, 28671]
active
[60283, 60287, 60411, 60415]
active
[61275, 61279, 61403, 61407]
active
[61306, 61310, 61434, 61438]
active
[31103, 31231]
active
[32051, 32055, 32059, 32063, 32179, 32183, 32187, 32191, 32563, 32567, 32571, 32575, 32691, 32695, 32699, 32703]
active
[32115, 32119, 32123, 32127, 32243, 32247, 32251, 32255]
active
[63795, 63799, 63803, 63807, 63859, 63863, 63867, 63871, 63923, 63927, 63931, 63935, 63987, 63991, 63995, 63999, 64307, 64311, 64315, 64319, 64435, 64439, 64443, 64447, 64787, 64791, 64795, 64799, 64851, 64855, 64859, 64863, 64915, 64919, 64923, 64927, 64979, 64983, 64987, 64991, 65299, 65303, 65307, 65311, 65427, 65431, 65435, 65439]
active
[64818, 64822, 64826, 64830, 64946, 64950, 64954, 64958, 65330, 65334, 65338, 65342, 65458, 65462, 65466, 65470]
active
[64882, 64886, 64890, 64894, 65010, 65014, 65018, 65022]
active
[31615, 31743]
active
[32627, 32631, 32635, 32639, 32755, 32759, 32763, 32767]
active
[64371, 64375, 64379, 64383, 64499, 64503, 64507, 64511]
active
[65363, 65367, 65371, 65375, 65491, 65495, 65499, 65503]
active
[65394, 65398, 65402, 65406, 65522, 65526, 65530, 65534]
active
[31791, 31919, 32303, 32431]
active
[31855, 31983]
active
[63527, 63535, 63591, 63599, 63655, 63663, 63719, 63727, 64039, 64047, 64167, 64175, 64519, 64527, 64533, 64541, 64550, 64558, 64564, 64572, 64583, 64591, 64597, 64605, 64614, 64622, 64628, 64636, 64647, 64655, 64661, 64669, 64678, 64686, 64692, 64700, 64711, 64719, 64725, 64733, 64742, 64750, 64756, 64764, 65031, 65039, 65045, 65053, 65062, 65070, 65076, 65084, 65159, 65167, 65173, 65181, 65190, 65198, 65204, 65212]
active
[31807, 31935, 32319, 32447]
active
[31871, 31999]
active
[63543, 63551, 63607, 63615, 63671, 63679, 63735, 63743, 64055, 64063, 64183, 64191]
active
[64535, 64543, 64599, 64607, 64663, 64671, 64727, 64735, 65047, 65055, 65175, 65183]
active
[64566, 64574, 64694, 64702, 65078, 65086, 65206, 65214]
active
[64630, 64638, 64758, 64766]
active
[32047, 32175, 32559, 32687]
active
[32049, 32053, 32057, 32061, 32177, 32181, 32185, 32189, 32561, 32565, 32569, 32573, 32689, 32693, 32697, 32701]
active
[32111, 32239]
active
[32113, 32117, 32121, 32125, 32241, 32245, 32249, 32253]
active
[63783, 63791, 63847, 63855, 63911, 63919, 63975, 63983, 64295, 64303, 64423, 64431]
active
[63793, 63797, 63801, 63805, 63857, 63861, 63865, 63869, 63921, 63925, 63929, 63933, 63985, 63989, 63993, 63997, 64305, 64309, 64313, 64317, 64433, 64437, 64441, 64445, 64771, 64775, 64779, 64783, 64785, 64789, 64793, 64797, 64802, 64806, 64810, 64814, 64816, 64820, 64824, 64828, 64835, 64839, 64843, 64847, 64849, 64853, 64857, 64861, 64899, 64903, 64907, 64911, 64913, 64917, 64921, 64925, 64930, 64934, 64938, 64942, 64944, 64948, 64952, 64956, 64963, 64967, 64971, 64975, 64977, 64981, 64985, 64989, 65283, 65287, 65291, 65295, 65297, 65301, 65305, 65309, 65314, 65318, 65322, 65326, 65328, 65332, 65336, 65340, 65411, 65415, 65419, 65423, 65425, 65429, 65433, 65437, 65442, 65446, 65450, 65454, 65456, 65460, 65464, 65468]
active
[64866, 64870, 64874, 64878, 64880, 64884, 64888, 64892, 64994, 64998, 65002, 65006, 65008, 65012, 65016, 65020]
active
[32367, 32495]
active
[64103, 64111, 64231, 64239]
active
[65095, 65103, 65109, 65117, 65223, 65231, 65237, 65245]
active
[65126, 65134, 65140, 65148, 65254, 65262, 65268, 65276]
active
[32383, 32511]
active
[64119, 64127, 64247, 64255]
active
[65111, 65119, 65239, 65247]
active
[65142, 65150, 65270, 65278]
active
[32623, 32751]
active
[32625, 32629, 32633, 32637, 32753, 32757, 32761, 32765]
active
[64359, 64367, 64487, 64495]
active
[64369, 64373, 64377, 64381, 64497, 64501, 64505, 64509]
active
[65347, 65351, 65355, 65359, 65361, 65365, 65369, 65373, 65378, 65382, 65386, 65390, 65392, 65396, 65400, 65404, 65475, 65479, 65483, 65487, 65489, 65493, 65497, 65501, 65506, 65510, 65514, 65518, 65520, 65524, 65528, 65532]
active
[33839, 33967, 34351, 34479, 50223, 50351, 50735, 50863]
active
[33853, 33981, 34365, 34493, 50237, 50365, 50749, 50877]
active
[33903, 34031, 50287, 50415]
active
[33917, 34045, 50301, 50429]
active
[35887, 36015, 36399, 36527]
active
[35901, 36029, 36413, 36541]
active
[35951, 36079]
active
[35965, 36093]
active
[33855, 33983, 34367, 34495, 50239, 50367, 50751, 50879]
active
[33919, 34047, 50303, 50431]
active
[35903, 36031, 36415, 36543]
active
[35967, 36095]
active
[34091, 34095, 34219, 34223, 34603, 34607, 34731, 34735, 50475, 50479, 50603, 50607, 50987, 50991, 51115, 51119]
active
[34105, 34109, 34233, 34237, 34617, 34621, 34745, 34749, 50489, 50493, 50617, 50621, 51001, 51005, 51129, 51133]
active
[34155, 34159, 34283, 34287, 50539, 50543, 50667, 50671]
active
[34169, 34173, 34297, 34301, 50553, 50557, 50681, 50685]
active
[36139, 36143, 36267, 36271, 36651, 36655, 36779, 36783]
active
[36153, 36157, 36281, 36285, 36665, 36669, 36793, 36797]
active
[36203, 36207, 36331, 36335]
active
[36217, 36221, 36345, 36349]
active
[34107, 34111, 34235, 34239, 34619, 34623, 34747, 34751, 50491, 50495, 50619, 50623, 51003, 51007, 51131, 51135]
active
[34171, 34175, 34299, 34303, 50555, 50559, 50683, 50687]
active
[36155, 36159, 36283, 36287, 36667, 36671, 36795, 36799]
active
[36219, 36223, 36347, 36351]
active
[34415, 34543, 50799, 50927]
active
[34429, 34557, 50813, 50941]
active
[36463, 36591]
active
[36477, 36605]
active
[34431, 34559, 50815, 50943]
active
[36479, 36607]
active
[34667, 34671, 34795, 34799, 51051, 51055, 51179, 51183]
active
[34681, 34685, 34809, 34813, 51065, 51069, 51193, 51197]
active
[36715, 36719, 36843, 36847]
active
[36729, 36733, 36857, 36861]
active
[34683, 34687, 34811, 34815, 51067, 51071, 51195, 51199]
active
[36731, 36735, 36859, 36863]
active
[37927, 37935, 38055, 38063, 38439, 38447, 38567, 38575, 54311, 54319, 54439, 54447, 54823, 54831, 54951, 54959]
active
[37941, 37949, 38069, 38077, 38453, 38461, 38581, 38589, 54325, 54333, 54453, 54461, 54837, 54845, 54965, 54973]
active
[37991, 37999, 38119, 38127, 54375, 54383, 54503, 54511]
active
[38005, 38013, 38133, 38141, 54389, 54397, 54517, 54525]
active
[39975, 39983, 40103, 40111, 40487, 40495, 40615, 40623]
active
[39989, 39997, 40117, 40125, 40501, 40509, 40629, 40637]
active
[40039, 40047, 40167, 40175]
active
[40053, 40061, 40181, 40189]
active
[37943, 37951, 38071, 38079, 38455, 38463, 38583, 38591, 54327, 54335, 54455, 54463, 54839, 54847, 54967, 54975]
active
[38007, 38015, 38135, 38143, 54391, 54399, 54519, 54527]
active
[39991, 39999, 40119, 40127, 40503, 40511, 40631, 40639]
active
[40055, 40063, 40183, 40191]
active
[38179, 38183, 38187, 38191, 38307, 38311, 38315, 38319, 38691, 38695, 38699, 38703, 38819, 38823, 38827, 38831, 54563, 54567, 54571, 54575, 54691, 54695, 54699, 54703, 55075, 55079, 55083, 55087, 55203, 55207, 55211, 55215]
active
[38193, 38197, 38201, 38205, 38321, 38325, 38329, 38333, 38705, 38709, 38713, 38717, 38833, 38837, 38841, 38845, 54577, 54581, 54585, 54589, 54705, 54709, 54713, 54717, 55089, 55093, 55097, 55101, 55217, 55221, 55225, 55229]
active
[38243, 38247, 38251, 38255, 38371, 38375, 38379, 38383, 54627, 54631, 54635, 54639, 54755, 54759, 54763, 54767]
active
[38257, 38261, 38265, 38269, 38385, 38389, 38393, 38397, 54641, 54645, 54649, 54653, 54769, 54773, 54777, 54781]
active
[40227, 40231, 40235, 40239, 40355, 40359, 40363, 40367, 40739, 40743, 40747, 40751, 40867, 40871, 40875, 40879]
active
[40241, 40245, 40249, 40253, 40369, 40373, 40377, 40381, 40753, 40757, 40761, 40765, 40881, 40885, 40889, 40893]
active
[40291, 40295, 40299, 40303, 40419, 40423, 40427, 40431]
active
[40305, 40309, 40313, 40317, 40433, 40437, 40441, 40445]
active
[38195, 38199, 38203, 38207, 38323, 38327, 38331, 38335, 38707, 38711, 38715, 38719, 38835, 38839, 38843, 38847, 54579, 54583, 54587, 54591, 54707, 54711, 54715, 54719, 55091, 55095, 55099, 55103, 55219, 55223, 55227, 55231]
active
[38259, 38263, 38267, 38271, 38387, 38391, 38395, 38399, 54643, 54647, 54651, 54655, 54771, 54775, 54779, 54783]
active
[40243, 40247, 40251, 40255, 40371, 40375, 40379, 40383, 40755, 40759, 40763, 40767, 40883, 40887, 40891, 40895]
active
[40307, 40311, 40315, 40319, 40435, 40439, 40443, 40447]
active
[38503, 38511, 38631, 38639, 54887, 54895, 55015, 55023]
active
[38517, 38525, 38645, 38653, 54901, 54909, 55029, 55037]
active
[40551, 40559, 40679, 40687]
active
[40565, 40573, 40693, 40701]
active
[38519, 38527, 38647, 38655, 54903, 54911, 55031, 55039]
active
[40567, 40575, 40695, 40703]
active
[38755, 38759, 38763, 38767, 38883, 38887, 38891, 38895, 55139, 55143, 55147, 55151, 55267, 55271, 55275, 55279]
active
[38769, 38773, 38777, 38781, 38897, 38901, 38905, 38909, 55153, 55157, 55161, 55165, 55281, 55285, 55289, 55293]
active
[40803, 40807, 40811, 40815, 40931, 40935, 40939, 40943]
active
[40817, 40821, 40825, 40829, 40945, 40949, 40953, 40957]
active
[38771, 38775, 38779, 38783, 38899, 38903, 38907, 38911, 55155, 55159, 55163, 55167, 55283, 55287, 55291, 55295]
active
[40819, 40823, 40827, 40831, 40947, 40951, 40955, 40959]
active
[42031, 42159, 42543, 42671, 58415, 58543, 58927, 59055]
active
[42045, 42173, 42557, 42685, 58429, 58557, 58941, 59069]
active
[42095, 42223, 58479, 58607]
active
[42109, 42237, 58493, 58621]
active
[44079, 44207, 44591, 44719]
active
[44093, 44221, 44605, 44733]
active
[44143, 44271]
active
[44157, 44285]
active
[42047, 42175, 42559, 42687, 58431, 58559, 58943, 59071]
active
[42111, 42239, 58495, 58623]
active
[44095, 44223, 44607, 44735]
active
[44159, 44287]
active
[42283, 42287, 42411, 42415, 42795, 42799, 42923, 42927, 58667, 58671, 58795, 58799, 59179, 59183, 59307, 59311]
active
[42297, 42301, 42425, 42429, 42809, 42813, 42937, 42941, 58681, 58685, 58809, 58813, 59193, 59197, 59321, 59325]
active
[42347, 42351, 42475, 42479, 58731, 58735, 58859, 58863]
active
[42361, 42365, 42489, 42493, 58745, 58749, 58873, 58877]
active
[44331, 44335, 44459, 44463, 44843, 44847, 44971, 44975]
active
[44345, 44349, 44473, 44477, 44857, 44861, 44985, 44989]
active
[44395, 44399, 44523, 44527]
active
[44409, 44413, 44537, 44541]
active
[42299, 42303, 42427, 42431, 42811, 42815, 42939, 42943, 58683, 58687, 58811, 58815, 59195, 59199, 59323, 59327]
active
[42363, 42367, 42491, 42495, 58747, 58751, 58875, 58879]
active
[44347, 44351, 44475, 44479, 44859, 44863, 44987, 44991]
active
[44411, 44415, 44539, 44543]
active
[42607, 42735, 58991, 59119]
active
[42621, 42749, 59005, 59133]
active
[44655, 44783]
active
[44669, 44797]
active
[42623, 42751, 59007, 59135]
active
[44671, 44799]
active
[42859, 42863, 42987, 42991, 59243, 59247, 59371, 59375]
active
[42873, 42877, 43001, 43005, 59257, 59261, 59385, 59389]
active
[44907, 44911, 45035, 45039]
active
[44921, 44925, 45049, 45053]
active
[42875, 42879, 43003, 43007, 59259, 59263, 59387, 59391]
active
[44923, 44927, 45051, 45055]
active
[46119, 46127, 46247, 46255, 46631, 46639, 46759, 46767, 62503, 62511, 62631, 62639, 63015, 63023, 63143, 63151]
active
[46133, 46141, 46261, 46269, 46645, 46653, 46773, 46781, 62517, 62525, 62645, 62653, 63029, 63037, 63157, 63165]
active
[46183, 46191, 46311, 46319, 62567, 62575, 62695, 62703]
active
[46197, 46205, 46325, 46333, 62581, 62589, 62709, 62717]
active
[48167, 48175, 48295, 48303, 48679, 48687, 48807, 48815]
active
[48181, 48189, 48309, 48317, 48693, 48701, 48821, 48829]
active
[48231, 48239, 48359, 48367]
active
[48245, 48253, 48373, 48381]
active
[46135, 46143, 46263, 46271, 46647, 46655, 46775, 46783, 62519, 62527, 62647, 62655, 63031, 63039, 63159, 63167]
active
[46199, 46207, 46327, 46335, 62583, 62591, 62711, 62719]
active
[48183, 48191, 48311, 48319, 48695, 48703, 48823, 48831]
active
[48247, 48255, 48375, 48383]
active
[46371, 46375, 46379, 46383, 46499, 46503, 46507, 46511, 46883, 46887, 46891, 46895, 47011, 47015, 47019, 47023, 62755, 62759, 62763, 62767, 62883, 62887, 62891, 62895, 63267, 63271, 63275, 63279, 63395, 63399, 63403, 63407]
active
[46385, 46389, 46393, 46397, 46513, 46517, 46521, 46525, 46897, 46901, 46905, 46909, 47025, 47029, 47033, 47037, 62769, 62773, 62777, 62781, 62897, 62901, 62905, 62909, 63281, 63285, 63289, 63293, 63409, 63413, 63417, 63421]
active
[46435, 46439, 46443, 46447, 46563, 46567, 46571, 46575, 62819, 62823, 62827, 62831, 62947, 62951, 62955, 62959]
active
[46449, 46453, 46457, 46461, 46577, 46581, 46585, 46589, 62833, 62837, 62841, 62845, 62961, 62965, 62969, 62973]
active
[48419, 48423, 48427, 48431, 48547, 48551, 48555, 48559, 48931, 48935, 48939, 48943, 49059, 49063, 49067, 49071]
active
[48433, 48437, 48441, 48445, 48561, 48565, 48569, 48573, 48945, 48949, 48953, 48957, 49073, 49077, 49081, 49085]
active
[48483, 48487, 48491, 48495, 48611, 48615, 48619, 48623]
active
[48497, 48501, 48505, 48509, 48625, 48629, 48633, 48637]
active
[46387, 46391, 46395, 46399, 46515, 46519, 46523, 46527, 46899, 46903, 46907, 46911, 47027, 47031, 47035, 47039, 62771, 62775, 62779, 62783, 62899, 62903, 62907, 62911, 63283, 63287, 63291, 63295, 63411, 63415, 63419, 63423]
active
[46451, 46455, 46459, 46463, 46579, 46583, 46587, 46591, 62835, 62839, 62843, 62847, 62963, 62967, 62971, 62975]
active
[48435, 48439, 48443, 48447, 48563, 48567, 48571, 48575, 48947, 48951, 48955, 48959, 49075, 49079, 49083, 49087]
active
[48499, 48503, 48507, 48511, 48627, 48631, 48635, 48639]
active
[46695, 46703, 46823, 46831, 63079, 63087, 63207, 63215]
active
[46709, 46717, 46837, 46845, 63093, 63101, 63221, 63229]
active
[48743, 48751, 48871, 48879]
active
[48757, 48765, 48885, 48893]
active
[46711, 46719, 46839, 46847, 63095, 63103, 63223, 63231]
active
[48759, 48767, 48887, 48895]
active
[46947, 46951, 46955, 46959, 47075, 47079, 47083, 47087, 63331, 63335, 63339, 63343, 63459, 63463, 63467, 63471]
active
[46961, 46965, 46969, 46973, 47089, 47093, 47097, 47101, 63345, 63349, 63353, 63357, 63473, 63477, 63481, 63485]
active
[48995, 48999, 49003, 49007, 49123, 49127, 49131, 49135]
active
[49009, 49013, 49017, 49021, 49137, 49141, 49145, 49149]
active
[46963, 46967, 46971, 46975, 47091, 47095, 47099, 47103, 63347, 63351, 63355, 63359, 63475, 63479, 63483, 63487]
active
[49011, 49015, 49019, 49023, 49139, 49143, 49147, 49151]
active
[52271, 52399, 52783, 52911]
active
[52285, 52413, 52797, 52925]
active
[52335, 52463]
active
[52349, 52477]
active
[52287, 52415, 52799, 52927]
active
[52351, 52479]
active
[52523, 52527, 52651, 52655, 53035, 53039, 53163, 53167]
active
[52537, 52541, 52665, 52669, 53049, 53053, 53177, 53181]
active
[52587, 52591, 52715, 52719]
active
[52601, 52605, 52729, 52733]
active
[52539, 52543, 52667, 52671, 53051, 53055, 53179, 53183]
active
[52603, 52607, 52731, 52735]
active
[52847, 52975]
active
[52861, 52989]
active
[52863, 52991]
active
[53099, 53103, 53227, 53231]
active
[53113, 53117, 53241, 53245]
active
[53115, 53119, 53243, 53247]
active
[56359, 56367, 56487, 56495, 56871, 56879, 56999, 57007]
active
[56373, 56381, 56501, 56509, 56885, 56893, 57013, 57021]
active
[56423, 56431, 56551, 56559]
active
[56437, 56445, 56565, 56573]
active
[56375, 56383, 56503, 56511, 56887, 56895, 57015, 57023]
active
[56439, 56447, 56567, 56575]
active
[56611, 56615, 56619, 56623, 56739, 56743, 56747, 56751, 57123, 57127, 57131, 57135, 57251, 57255, 57259, 57263]
active
[56625, 56629, 56633, 56637, 56753, 56757, 56761, 56765, 57137, 57141, 57145, 57149, 57265, 57269, 57273, 57277]
active
[56675, 56679, 56683, 56687, 56803, 56807, 56811, 56815]
active
[56689, 56693, 56697, 56701, 56817, 56821, 56825, 56829]
active
[56627, 56631, 56635, 56639, 56755, 56759, 56763, 56767, 57139, 57143, 57147, 57151, 57267, 57271, 57275, 57279]
active
[56691, 56695, 56699, 56703, 56819, 56823, 56827, 56831]
active
[56935, 56943, 57063, 57071]
active
[56949, 56957, 57077, 57085]
active
[56951, 56959, 57079, 57087]
active
[57187, 57191, 57195, 57199, 57315, 57319, 57323, 57327]
active
[57201, 57205, 57209, 57213, 57329, 57333, 57337, 57341]
active
[57203, 57207, 57211, 57215, 57331, 57335, 57339, 57343]
active
[60463, 60591, 60975, 61103]
active
[60477, 60605, 60989, 61117]
active
[60527, 60655]
active
[60541, 60669]
active
[60479, 60607, 60991, 61119]
active
[60543, 60671]
active
[60715, 60719, 60843, 60847, 61227, 61231, 61355, 61359]
active
[60729, 60733, 60857, 60861, 61241, 61245, 61369, 61373]
active
[60779, 60783, 60907, 60911]
active
[60793, 60797, 60921, 60925]
active
[60731, 60735, 60859, 60863, 61243, 61247, 61371, 61375]
active
[60795, 60799, 60923, 60927]
active
[61039, 61167]
active
[61053, 61181]
active
[61055, 61183]
active
[61291, 61295, 61419, 61423]
active
[61305, 61309, 61433, 61437]
active
[61307, 61311, 61435, 61439]
active
[64551, 64559, 64679, 64687, 65063, 65071, 65191, 65199]
active
[64565, 64573, 64693, 64701, 65077, 65085, 65205, 65213]
active
[64615, 64623, 64743, 64751]
active
[64629, 64637, 64757, 64765]
active
[64567, 64575, 64695, 64703, 65079, 65087, 65207, 65215]
active
[64631, 64639, 64759, 64767]
active
[64803, 64807, 64811, 64815, 64931, 64935, 64939, 64943, 65315, 65319, 65323, 65327, 65443, 65447, 65451, 65455]
active
[64817, 64821, 64825, 64829, 64945, 64949, 64953, 64957, 65329, 65333, 65337, 65341, 65457, 65461, 65465, 65469]
active
[64867, 64871, 64875, 64879, 64995, 64999, 65003, 65007]
active
[64881, 64885, 64889, 64893, 65009, 65013, 65017, 65021]
active
[64819, 64823, 64827, 64831, 64947, 64951, 64955, 64959, 65331, 65335, 65339, 65343, 65459, 65463, 65467, 65471]
active
[64883, 64887, 64891, 64895, 65011, 65015, 65019, 65023]
active
[65127, 65135, 65255, 65263]
active
[65141, 65149, 65269, 65277]
active
[65143, 65151, 65271, 65279]
active
[65379, 65383, 65387, 65391, 65507, 65511, 65515, 65519]
active
[65393, 65397, 65401, 65405, 65521, 65525, 65529, 65533]
active
[65395, 65399, 65403, 65407, 65523, 65527, 65531, 65535]
active
