
# Number of surprising coincidence classes 489
# Number of non-singleton coincidence classes 457

(0, 1, 2)
[0, 196, 573, 574, 576]
active
[1, 5, 200]
active
[583, 584, 586]
active
[588, 590, 594]
active
[2, 6, 201]
active
[585, 587]
active
[592, 596]
active
[3, 7, 202]
active
[616, 617, 618, 620, 622, 624, 626, 630]
active
[4, 8, 203]
active
[619, 621]
active
[628, 632]
active
[9, 21, 226, 227]
active
[22, 24]
active
[635, 1476, 1478]
active
[683, 687, 691]
active
[674, 675, 678, 680]
active
[10, 23, 25, 228, 229]
active
[638, 1482, 1484]
active
[689, 693]
active
[676, 677, 679, 681]
active
[11, 12, 26, 27, 230, 231]
active
[13, 15, 17, 19, 28, 30, 32, 34, 232, 234, 236, 238]
active
[642, 644, 650, 654, 1488, 1490, 1496, 1500]
active
[739, 741, 747, 751]
active
[725, 726, 727, 728, 729, 731, 733, 735]
active
[14, 16, 18, 20, 29, 31, 33, 35, 233, 235, 237, 239]
active
[652, 656, 1498, 1502]
active
[749, 753]
active
[730, 732, 734, 736]
active
[36, 40, 42, 50, 58, 62, 276, 284, 286, 758, 812, 1747]
active
[759, 814, 818, 1748]
active
[755, 756, 806, 807, 809, 1744, 1745]
active
[774, 775, 1798, 1800, 1806, 1808]
active
[811, 813, 817]
active
[866, 867, 869]
active
[871, 873, 877]
active
[37, 41, 43, 51, 59, 63, 277, 285, 287, 760, 816, 820, 1749]
active
[757, 808, 810, 1746]
active
[776, 1799, 1801, 1807, 1809]
active
[815, 819]
active
[868, 870]
active
[875, 879]
active
[38, 44, 46, 54, 66, 70, 278, 288, 290]
active
[761, 762, 764, 831, 832, 834, 1750, 1751, 1753]
active
[766, 837, 1755]
active
[767, 769, 839, 843, 1756, 1758]
active
[785, 786, 788, 1815, 1816, 1818, 1825, 1826, 1828]
active
[836, 838, 842]
active
[909, 910, 911, 913]
active
[915, 917, 919, 923]
active
[39, 45, 47, 55, 67, 71, 279, 289, 291]
active
[763, 765, 833, 835, 1752, 1754]
active
[768, 770, 841, 845, 1757, 1759]
active
[787, 789, 1817, 1819, 1827, 1829]
active
[840, 844]
active
[912, 914]
active
[921, 925]
active
[48, 56, 60, 272, 796, 797, 799, 801, 802, 804, 1728, 1729, 1731, 1732, 1760, 1762, 1768, 1770]
active
[856, 857, 859]
active
[49, 57, 61, 273, 798, 800, 803, 805, 1730, 1733]
active
[858, 860]
active
[1761, 1763, 1769, 1771]
active
[52, 64, 68, 274]
active
[821, 822, 824, 827, 829, 1734, 1735, 1737, 1740, 1742, 1777, 1778, 1780, 1787, 1788, 1790]
active
[826, 1739]
active
[891, 892, 893, 895]
active
[897, 899, 901, 905]
active
[53, 65, 69, 275]
active
[823, 825, 828, 830, 1736, 1738, 1741, 1743, 1779, 1781, 1789, 1791]
active
[894, 896]
active
[903, 907]
active
[72, 115, 346, 347, 932, 934, 1059, 1061, 2218, 2220, 2222, 2224]
active
[73, 116, 118, 349, 937, 1064, 1068, 2232]
active
[85, 88, 144, 154, 375, 376, 380, 381]
active
[86, 89, 145, 147, 155, 157, 378, 383]
active
[927, 928, 930, 1052, 1053, 1055, 1057, 2208, 2209, 2210, 2211, 2215]
active
[933, 936, 1060, 1063, 1067, 2217, 2219, 2221, 2223, 2231]
active
[971, 975, 985, 989, 2393, 2395, 2397, 2399, 2403, 2409, 2423, 2425, 2427, 2429, 2433, 2439]
active
[979, 980, 982, 2383, 2384, 2385, 2386, 2388, 2391, 2413, 2414, 2415, 2416, 2418, 2421]
active
[1142, 1148, 1152, 1183, 1189, 1193]
active
[1174, 1175, 1178, 1180]
active
[74, 117, 119, 348, 350, 935, 939, 1062, 1066, 1070, 2226, 2228, 2230, 2234]
active
[87, 90, 146, 148, 156, 158, 377, 379, 382, 384]
active
[929, 931, 1054, 1056, 1058, 2212, 2213, 2214, 2216]
active
[938, 1065, 1069, 2225, 2227, 2229, 2233]
active
[977, 991, 2401, 2405, 2407, 2411, 2431, 2435, 2437, 2441]
active
[981, 983, 2387, 2389, 2390, 2392, 2417, 2419, 2420, 2422]
active
[1150, 1154, 1191, 1195]
active
[1176, 1177, 1179, 1181]
active
[75, 76, 91, 100, 101, 129, 130, 168, 186, 187, 351, 352, 385, 386, 395, 396, 952, 953, 955, 957, 1113, 1114, 1116, 1118, 2248, 2250, 2252, 2254]
active
[77, 79, 81, 83, 92, 94, 96, 98, 102, 104, 106, 108, 131, 133, 135, 137, 169, 171, 173, 175, 188, 190, 192, 194, 353, 355, 357, 359, 387, 389, 391, 393, 397, 399, 401, 403, 958, 960, 963, 967, 1119, 1121, 1124, 1128, 2256, 2260, 2264, 2268]
active
[940, 941, 942, 943, 944, 946, 948, 950, 954, 956, 962, 966, 1101, 1102, 1103, 1104, 1105, 1107, 1109, 1111, 1115, 1117, 1123, 1127, 2235, 2236, 2237, 2238, 2239, 2241, 2243, 2245, 2247, 2249, 2251, 2253, 2255, 2259, 2263, 2267]
active
[994, 1000, 1004, 1008, 1009, 1010, 1011, 1012, 1014, 1016, 1018, 1022, 1024, 1030, 1034, 2443, 2444, 2445, 2446, 2447, 2449, 2451, 2453, 2455, 2457, 2459, 2461, 2463, 2467, 2471, 2475, 2479, 2480, 2481, 2482, 2483, 2485, 2487, 2489, 2491, 2493, 2495, 2497, 2499, 2503, 2507, 2511]
active
[1212, 1218, 1222, 1256, 1257, 1258, 1259, 1260, 1262, 1264, 1266, 1270, 1272, 1278, 1282]
active
[78, 80, 82, 84, 93, 95, 97, 99, 103, 105, 107, 109, 132, 134, 136, 138, 170, 172, 174, 176, 189, 191, 193, 195, 354, 356, 358, 360, 388, 390, 392, 394, 398, 400, 402, 404, 959, 961, 965, 969, 1120, 1122, 1126, 1130, 2258, 2262, 2266, 2270]
active
[945, 947, 949, 951, 1106, 1108, 1110, 1112, 2240, 2242, 2244, 2246]
active
[964, 968, 1125, 1129, 2257, 2261, 2265, 2269]
active
[1002, 1006, 1032, 1036, 2465, 2469, 2473, 2477, 2501, 2505, 2509, 2513]
active
[1013, 1015, 1017, 1019, 2448, 2450, 2452, 2454, 2484, 2486, 2488, 2490]
active
[1220, 1224, 1280, 1284]
active
[1261, 1263, 1265, 1267]
active
[110, 111, 113, 332, 333, 1038, 1039, 1041, 1043, 1045, 1046, 1048, 1050, 2160, 2161, 2162, 2163, 2167, 2169, 2170, 2171, 2172, 2173, 2177, 2178, 2271, 2272, 2273, 2274, 2276, 2279, 2282, 2285, 2288, 2293, 2297, 2298, 2299, 2300, 2302, 2305, 2308, 2311, 2314, 2319]
active
[139, 149]
active
[140, 142, 150, 152]
active
[361, 362]
active
[1156, 1157, 1160, 1162]
active
[112, 114, 334, 335, 1040, 1042, 1044, 1047, 1049, 1051, 2164, 2165, 2166, 2168, 2174, 2175, 2176, 2180]
active
[141, 143, 151, 153]
active
[363, 364]
active
[1158, 1159, 1161, 1163]
active
[2275, 2277, 2278, 2280, 2301, 2303, 2304, 2306]
active
[2290, 2295, 2316, 2321]
active
[120, 159, 177, 336, 337, 1083, 1084, 1086, 1088, 2193, 2194, 2195, 2197]
active
[121, 123, 125, 127, 160, 162, 164, 166, 178, 180, 182, 184, 338, 340, 342, 344, 1071, 1072, 1073, 1074, 1075, 1077, 1079, 1081, 1085, 1087, 1089, 1091, 1093, 1094, 1097, 1098, 2181, 2182, 2183, 2184, 2185, 2187, 2189, 2191, 2196, 2198, 2200, 2202, 2204, 2205, 2323, 2324, 2325, 2326, 2327, 2329, 2331, 2333, 2353, 2354, 2355, 2356, 2357, 2359, 2361, 2363]
active
[365, 366]
active
[367, 369, 371, 373]
active
[2336, 2339, 2343, 2349, 2366, 2369, 2373, 2379]
active
[1203, 1207, 1226, 1227, 1228, 1229, 1230, 1232, 1234, 1236, 1240, 1242, 1248, 1252]
active
[122, 124, 126, 128, 161, 163, 165, 167, 179, 181, 183, 185, 339, 341, 343, 345, 1076, 1078, 1080, 1082, 1090, 1092, 1096, 1100, 2186, 2188, 2190, 2192, 2199, 2201, 2203, 2207, 2328, 2330, 2332, 2334, 2358, 2360, 2362, 2364]
active
[368, 370, 372, 374]
active
[1095, 1099, 2206]
active
[1205, 1209, 1250, 1254]
active
[1231, 1233, 1235, 1237]
active
[2345, 2351, 2375, 2381]
active
[575, 577]
active
[598, 599, 600, 602, 604, 606, 608, 612]
active
[601, 603]
active
[610, 614]
active
[1306, 1307, 1308, 1310, 1312, 1314, 1316, 1320, 1324, 1325, 1326, 1328, 1330, 1332, 1334, 1338, 1378, 1379, 1380, 1382, 1384, 1386, 1388, 1392]
active
[1309, 1311, 1327, 1329, 1381, 1383]
active
[1318, 1322, 1390, 1394]
active
[1336, 1340]
active
[1342, 1343, 1344, 1346, 1348, 1350, 1352, 1356, 1360, 1361, 1362, 1364, 1414, 1415, 1416, 1418, 1420, 1422, 1424, 1428]
active
[1366, 1368, 1370, 1374]
active
[1345, 1347, 1363, 1365, 1417, 1419]
active
[1354, 1358, 1426, 1430]
active
[1372, 1376]
active
[1396, 1397, 1398, 1400]
active
[1402, 1404, 1406, 1410]
active
[1399, 1401]
active
[1408, 1412]
active
[1432, 1433, 1434, 1436, 1438, 1440, 1442, 1446]
active
[1435, 1437]
active
[1444, 1448]
active
[212, 213]
active
[658, 659, 662, 664]
active
[214, 215]
active
[660, 661, 663, 665]
active
[216, 217]
active
[218, 220, 222, 224, 695, 696, 697, 698, 699, 701, 703, 705]
active
[709, 711, 717, 721]
active
[219, 221, 223, 225, 700, 702, 704, 706]
active
[719, 723]
active
[240, 241]
active
[242, 244]
active
[1504, 1505, 1506, 1507, 1510, 1512, 1530, 1531, 1532, 1533, 1536, 1538, 1616, 1617, 1618, 1619, 1622, 1624]
active
[1516, 1518, 1522, 1526, 1628, 1630, 1634, 1638]
active
[1542, 1544, 1548, 1552]
active
[243, 245]
active
[1508, 1509, 1511, 1513, 1534, 1535, 1537, 1539, 1620, 1621, 1623, 1625]
active
[1524, 1528, 1636, 1640]
active
[1550, 1554]
active
[246, 247]
active
[248, 250, 252, 254]
active
[1556, 1557, 1558, 1559, 1560, 1562, 1564, 1566, 1586, 1587, 1588, 1589, 1590, 1592, 1594, 1596, 1668, 1669, 1670, 1671, 1672, 1674, 1676, 1678]
active
[1570, 1572, 1578, 1582, 1682, 1684, 1690, 1694]
active
[1600, 1602, 1608, 1612]
active
[249, 251, 253, 255]
active
[1561, 1563, 1565, 1567, 1591, 1593, 1595, 1597, 1673, 1675, 1677, 1679]
active
[1580, 1584, 1692, 1696]
active
[1610, 1614]
active
[256, 257]
active
[258, 260]
active
[1642, 1643, 1644, 1645, 1648, 1650]
active
[1654, 1656, 1660, 1664]
active
[259, 261]
active
[1646, 1647, 1649, 1651]
active
[1662, 1666]
active
[262, 263]
active
[264, 266, 268, 270]
active
[1698, 1699, 1700, 1701, 1702, 1704, 1706, 1708]
active
[1712, 1714, 1720, 1724]
active
[265, 267, 269, 271]
active
[1703, 1705, 1707, 1709]
active
[1722, 1726]
active
[292, 294, 300]
active
[308, 316, 320]
active
[1836, 1837, 1839, 1841, 1842, 1844, 1846, 1847, 1849, 1852, 1854, 1858, 1886, 1887, 1889, 1891, 1892, 1894, 1936, 1937, 1939, 1946, 1947, 1949, 1956, 1957, 1958, 1960, 1974, 1975, 1976, 1978, 2048, 2049, 2051, 2068, 2069, 2070, 2072]
active
[1851, 1853, 1857, 1962, 1964, 1966, 1970, 1980, 1982, 1984, 1988, 2074, 2076, 2078, 2082]
active
[293, 295, 301]
active
[309, 317, 321]
active
[1838, 1840, 1843, 1845, 1848, 1850, 1856, 1860, 1888, 1890, 1893, 1895]
active
[1855, 1859]
active
[1938, 1940, 1948, 1950, 1959, 1961, 1977, 1979, 2050, 2052, 2071, 2073]
active
[1968, 1972, 2080, 2084]
active
[1986, 1990]
active
[296, 298, 304]
active
[312, 324, 328]
active
[1861, 1862, 1864, 1867, 1869, 1871, 1872, 1874, 1879, 1883, 1911, 1912, 1914, 1917, 1919, 1992, 1993, 1995, 2002, 2003, 2005, 2012, 2013, 2014, 2016, 2030, 2031, 2032, 2034, 2104, 2105, 2107, 2124, 2125, 2126, 2128]
active
[1866, 1877, 1916]
active
[1876, 1878, 1882, 2018, 2020, 2022, 2026, 2130, 2132, 2134, 2138]
active
[2036, 2038, 2040, 2044]
active
[297, 299, 305]
active
[313, 325, 329]
active
[1863, 1865, 1868, 1870, 1873, 1875, 1881, 1885, 1913, 1915, 1918, 1920, 1994, 1996, 2004, 2006, 2015, 2017, 2033, 2035, 2106, 2108, 2127, 2129]
active
[1880, 1884]
active
[2024, 2028, 2136, 2140]
active
[2042, 2046]
active
[318, 322]
active
[1896, 1897, 1899]
active
[1901, 1903, 1907]
active
[1904, 1908]
active
[2058, 2059, 2061, 2086, 2087, 2088, 2090]
active
[2092, 2094, 2096, 2100]
active
[319, 323]
active
[1898, 1900]
active
[1905, 1909]
active
[1906, 1910]
active
[2060, 2062, 2089, 2091]
active
[2098, 2102]
active
[326, 330]
active
[1921, 1922, 1924]
active
[1926, 1928, 1932]
active
[1929, 1933]
active
[2114, 2115, 2117, 2142, 2143, 2144, 2146]
active
[2148, 2150, 2152, 2156]
active
[327, 331]
active
[1923, 1925]
active
[1930, 1934]
active
[1931, 1935]
active
[2116, 2118, 2145, 2147]
active
[2154, 2158]
active
[405, 406, 407, 409, 411, 412, 413, 415, 437, 438, 439, 441]
active
[469, 470, 501, 502, 513, 514]
active
[471, 473, 503, 505, 515, 517]
active
[475, 476]
active
[477, 479]
active
[2515, 2516, 2517, 2518, 2521, 2523, 2525, 2526, 2527, 2528, 2529, 2530, 2533, 2534, 2537, 2538, 2541, 2542, 2543, 2544, 2547, 2549, 2551, 2552, 2553, 2554, 2555, 2556, 2559, 2560, 2563, 2564, 2627, 2628, 2629, 2630, 2633, 2635, 2637, 2638, 2639, 2640, 2641, 2642, 2643, 2644, 2649, 2650, 2653, 2654, 2759, 2760, 2761, 2762, 2763, 2765, 2767, 2769, 2771, 2773, 2775, 2777, 2779, 2783, 2787, 2791, 2795, 2796, 2797, 2798, 2799, 2801, 2803, 2805, 2807, 2809, 2811, 2813, 2815, 2819, 2823, 2827, 2831, 2832, 2833, 2834, 2835, 2837, 2839, 2841, 2843, 2845, 2847, 2849, 2851, 2855, 2859, 2863, 2867, 2868, 2869, 2870, 2871, 2873, 2875, 2877, 2879, 2881, 2883, 2885, 2887, 2891, 2895, 2899, 3047, 3048, 3049, 3050, 3051, 3053, 3055, 3057, 3059, 3061, 3063, 3065, 3067, 3071, 3075, 3079, 3119, 3120, 3121, 3122, 3123, 3125, 3127, 3129, 3131, 3133, 3135, 3137, 3139, 3143, 3147, 3151]
active
[408, 410, 414, 416, 440, 442]
active
[472, 474, 504, 506, 516, 518]
active
[478, 480]
active
[2519, 2520, 2522, 2524, 2531, 2532, 2536, 2540, 2545, 2546, 2548, 2550, 2557, 2558, 2562, 2566, 2631, 2632, 2634, 2636, 2646, 2648, 2652, 2656]
active
[2535, 2539, 2561, 2565, 2645, 2647, 2651, 2655]
active
[2764, 2766, 2768, 2770, 2800, 2802, 2804, 2806, 2836, 2838, 2840, 2842, 2872, 2874, 2876, 2878, 3052, 3054, 3056, 3058, 3124, 3126, 3128, 3130]
active
[2781, 2785, 2789, 2793, 2853, 2857, 2861, 2865, 3069, 3073, 3077, 3081, 3141, 3145, 3149, 3153]
active
[2817, 2821, 2825, 2829, 2889, 2893, 2897, 2901]
active
[417, 418, 427, 428, 449, 450]
active
[419, 421, 423, 425, 429, 431, 433, 435, 451, 453, 455, 457]
active
[481, 482, 525, 526, 545, 546]
active
[483, 485, 487, 489, 527, 529, 531, 533, 547, 549, 551, 553]
active
[491, 492]
active
[493, 495, 497, 499]
active
[2567, 2568, 2569, 2570, 2571, 2573, 2575, 2577, 2581, 2583, 2585, 2587, 2589, 2590, 2593, 2594, 2597, 2598, 2599, 2600, 2601, 2603, 2605, 2607, 2611, 2613, 2615, 2617, 2619, 2620, 2623, 2624, 2687, 2688, 2689, 2690, 2691, 2693, 2695, 2697, 2699, 2701, 2703, 2705, 2707, 2708, 2711, 2712, 2715, 2716, 2719, 2720, 2903, 2904, 2905, 2906, 2907, 2909, 2911, 2913, 2915, 2917, 2919, 2921, 2923, 2927, 2931, 2935, 2939, 2940, 2941, 2942, 2943, 2945, 2947, 2949, 2975, 2976, 2977, 2978, 2979, 2981, 2983, 2985, 2987, 2989, 2991, 2993, 2995, 2999, 3003, 3007, 3011, 3012, 3013, 3014, 3015, 3017, 3019, 3021, 3191, 3192, 3193, 3194, 3195, 3197, 3199, 3201, 3203, 3205, 3207, 3209, 3211, 3215, 3219, 3223, 3263, 3264, 3265, 3266, 3267, 3269, 3271, 3273, 3275, 3277, 3279, 3281, 3283, 3287, 3291, 3295]
active
[2579, 2580, 2582, 2584, 2609, 2610, 2612, 2614, 2700, 2702, 2704, 2706]
active
[2951, 2953, 2955, 2957, 2959, 2963, 2967, 2971, 3023, 3025, 3027, 3029, 3031, 3035, 3039, 3043]
active
[420, 422, 424, 426, 430, 432, 434, 436, 452, 454, 456, 458]
active
[484, 486, 488, 490, 528, 530, 532, 534, 548, 550, 552, 554]
active
[494, 496, 498, 500]
active
[2572, 2574, 2576, 2578, 2586, 2588, 2592, 2596, 2602, 2604, 2606, 2608, 2616, 2618, 2622, 2626, 2692, 2694, 2696, 2698, 2710, 2714, 2718, 2722, 2908, 2910, 2912, 2914, 2944, 2946, 2948, 2950, 2980, 2982, 2984, 2986, 3016, 3018, 3020, 3022, 3196, 3198, 3200, 3202, 3268, 3270, 3272, 3274]
active
[2591, 2595, 2621, 2625, 2709, 2713, 2717, 2721]
active
[2925, 2929, 2933, 2937, 2997, 3001, 3005, 3009, 3213, 3217, 3221, 3225, 3285, 3289, 3293, 3297]
active
[2961, 2965, 2969, 2973, 3033, 3037, 3041, 3045]
active
[443, 444]
active
[445, 447]
active
[507, 508, 519, 520]
active
[509, 511, 521, 523]
active
[2657, 2658, 2659, 2660, 2663, 2665]
active
[2667, 2669, 2671, 2673, 2679, 2683]
active
[2668, 2670, 2672, 2674]
active
[2680, 2684]
active
[3083, 3084, 3085, 3086, 3087, 3089, 3091, 3093, 3155, 3156, 3157, 3158, 3159, 3161, 3163, 3165]
active
[3095, 3097, 3099, 3101, 3103, 3107, 3111, 3115, 3167, 3169, 3171, 3173, 3175, 3179, 3183, 3187]
active
[446, 448]
active
[510, 512, 522, 524]
active
[2661, 2662, 2664, 2666]
active
[2675, 2677, 2681, 2685]
active
[2676, 2678, 2682, 2686]
active
[3088, 3090, 3092, 3094, 3160, 3162, 3164, 3166]
active
[3105, 3109, 3113, 3117, 3177, 3181, 3185, 3189]
active
[459, 460]
active
[461, 463, 465, 467]
active
[535, 536, 555, 556]
active
[537, 539, 541, 543, 557, 559, 561, 563]
active
[2723, 2724, 2725, 2726, 2727, 2729, 2731, 2733, 2735, 2737, 2739, 2741, 2743, 2747, 2751, 2755]
active
[2736, 2738, 2740, 2742]
active
[2744, 2748, 2752, 2756]
active
[3227, 3228, 3229, 3230, 3231, 3233, 3235, 3237, 3239, 3241, 3243, 3245, 3247, 3251, 3255, 3259, 3299, 3300, 3301, 3302, 3303, 3305, 3307, 3309, 3311, 3313, 3315, 3317, 3319, 3323, 3327, 3331]
active
[462, 464, 466, 468]
active
[538, 540, 542, 544, 558, 560, 562, 564]
active
[2728, 2730, 2732, 2734]
active
[2745, 2749, 2753, 2757]
active
[2746, 2750, 2754, 2758]
active
[3232, 3234, 3236, 3238, 3304, 3306, 3308, 3310]
active
[3249, 3253, 3257, 3261, 3321, 3325, 3329, 3333]
active
[565, 1296, 1297]
active
[591, 595]
active
[566, 1298, 1299]
active
[593, 597]
active
[567, 568, 1300, 1301]
active
[569, 571, 1302, 1304]
active
[623, 625]
active
[627, 631]
active
[570, 572, 1303, 1305]
active
[629, 633]
active
[579, 581]
active
[1286, 1287]
active
[580, 582]
active
[1288, 1289]
active
[605, 607]
active
[609, 613]
active
[1290, 1291]
active
[1292, 1294]
active
[611, 615]
active
[1293, 1295]
active
[634, 636, 1474, 1475, 1477, 1479]
active
[682, 684]
active
[688, 692]
active
[637, 639, 1480, 1481, 1483, 1485]
active
[685, 686, 690, 694]
active
[640, 641, 643, 645, 1486, 1487, 1489, 1491]
active
[646, 648, 651, 655, 1492, 1494, 1497, 1501]
active
[737, 738, 740, 742]
active
[743, 745, 748, 752]
active
[647, 649, 653, 657, 1493, 1495, 1499, 1503]
active
[744, 746, 750, 754]
active
[666, 667]
active
[670, 672]
active
[1450, 1451, 1452, 1454]
active
[668, 669, 671, 673]
active
[1455, 1456, 1457, 1459]
active
[707, 708, 710, 712]
active
[713, 715, 718, 722]
active
[1460, 1461, 1462, 1464]
active
[1465, 1467, 1469, 1471]
active
[714, 716, 720, 724]
active
[1466, 1468, 1470, 1473]
active
[771, 777, 1802, 1810, 1811]
active
[772, 778, 1804, 1813]
active
[851, 872]
active
[852, 854, 874, 878]
active
[773, 779, 1803, 1805, 1812, 1814]
active
[853, 855, 876, 880]
active
[780, 790, 791, 1820, 1830, 1831]
active
[781, 783, 792, 794, 1821, 1823, 1832, 1834]
active
[886, 916, 918]
active
[887, 889, 920, 924]
active
[782, 784, 793, 795, 1822, 1824, 1833, 1835]
active
[888, 890, 922, 926]
active
[846, 861]
active
[847, 849, 862, 864]
active
[1764, 1772, 1773]
active
[1766, 1775]
active
[848, 850, 863, 865]
active
[1765, 1767, 1774, 1776]
active
[881, 898, 900]
active
[882, 884, 902, 906]
active
[1782, 1792, 1793]
active
[1783, 1785, 1794, 1796]
active
[883, 885, 904, 908]
active
[1784, 1786, 1795, 1797]
active
[970, 972, 984, 986, 2394, 2396, 2398, 2400, 2424, 2426, 2428, 2430]
active
[973, 976, 987, 990, 2404, 2410, 2434, 2440]
active
[1141, 1143, 1182, 1184]
active
[1144, 1146, 1149, 1153, 1185, 1187, 1190, 1194]
active
[974, 978, 988, 992, 2402, 2406, 2408, 2412, 2432, 2436, 2438, 2442]
active
[1145, 1147, 1151, 1155, 1186, 1188, 1192, 1196]
active
[993, 995, 1020, 1021, 1023, 1025, 2456, 2458, 2460, 2462, 2492, 2494, 2496, 2498]
active
[996, 998, 1001, 1005, 1026, 1028, 1031, 1035, 2464, 2468, 2472, 2476, 2500, 2504, 2508, 2512]
active
[1211, 1213, 1268, 1269, 1271, 1273]
active
[1214, 1216, 1219, 1223, 1274, 1276, 1279, 1283]
active
[997, 999, 1003, 1007, 1027, 1029, 1033, 1037, 2466, 2470, 2474, 2478, 2502, 2506, 2510, 2514]
active
[1215, 1217, 1221, 1225, 1275, 1277, 1281, 1285]
active
[1131, 1132, 1164, 1165]
active
[1133, 1135, 1137, 1139, 1166, 1168, 1170, 1172]
active
[2281, 2283, 2284, 2286, 2307, 2309, 2310, 2312]
active
[2289, 2294, 2315, 2320]
active
[1134, 1136, 1138, 1140, 1167, 1169, 1171, 1173]
active
[2287, 2291, 2292, 2296, 2313, 2317, 2318, 2322]
active
[1197, 1198, 1238, 1239, 1241, 1243]
active
[1199, 1201, 1204, 1208, 1244, 1246, 1249, 1253]
active
[2335, 2337, 2338, 2340, 2365, 2367, 2368, 2370]
active
[2341, 2344, 2347, 2350, 2371, 2374, 2377, 2380]
active
[1200, 1202, 1206, 1210, 1245, 1247, 1251, 1255]
active
[2342, 2346, 2348, 2352, 2372, 2376, 2378, 2382]
active
[1313, 1315, 1385, 1387]
active
[1317, 1321, 1389, 1393]
active
[1331, 1333]
active
[1335, 1339]
active
[1319, 1323, 1391, 1395]
active
[1337, 1341]
active
[1349, 1351, 1421, 1423]
active
[1353, 1357, 1425, 1429]
active
[1367, 1369]
active
[1371, 1375]
active
[1355, 1359, 1427, 1431]
active
[1373, 1377]
active
[1403, 1405]
active
[1407, 1411]
active
[1409, 1413]
active
[1439, 1441]
active
[1443, 1447]
active
[1445, 1449]
active
[1514, 1515, 1517, 1519, 1626, 1627, 1629, 1631]
active
[1523, 1527, 1635, 1639]
active
[1540, 1541, 1543, 1545]
active
[1549, 1553]
active
[1520, 1521, 1525, 1529, 1632, 1633, 1637, 1641]
active
[1546, 1547, 1551, 1555]
active
[1568, 1569, 1571, 1573, 1680, 1681, 1683, 1685]
active
[1574, 1576, 1579, 1583, 1686, 1688, 1691, 1695]
active
[1598, 1599, 1601, 1603]
active
[1604, 1606, 1609, 1613]
active
[1575, 1577, 1581, 1585, 1687, 1689, 1693, 1697]
active
[1605, 1607, 1611, 1615]
active
[1652, 1653, 1655, 1657]
active
[1661, 1665]
active
[1658, 1659, 1663, 1667]
active
[1710, 1711, 1713, 1715]
active
[1716, 1718, 1721, 1725]
active
[1717, 1719, 1723, 1727]
active
[1941, 1963, 1965, 2053, 2075, 2077]
active
[1942, 1944, 1967, 1971, 2054, 2056, 2079, 2083]
active
[1951, 1981, 1983]
active
[1952, 1954, 1985, 1989]
active
[1943, 1945, 1969, 1973, 2055, 2057, 2081, 2085]
active
[1953, 1955, 1987, 1991]
active
[1997, 2019, 2021, 2109, 2131, 2133]
active
[1998, 2000, 2023, 2027, 2110, 2112, 2135, 2139]
active
[2007, 2037, 2039]
active
[2008, 2010, 2041, 2045]
active
[1999, 2001, 2025, 2029, 2111, 2113, 2137, 2141]
active
[2009, 2011, 2043, 2047]
active
[2063, 2093, 2095]
active
[2064, 2066, 2097, 2101]
active
[2065, 2067, 2099, 2103]
active
[2119, 2149, 2151]
active
[2120, 2122, 2153, 2157]
active
[2121, 2123, 2155, 2159]
active
[2772, 2774, 2776, 2778, 2844, 2846, 2848, 2850, 3060, 3062, 3064, 3066, 3132, 3134, 3136, 3138]
active
[2780, 2784, 2788, 2792, 2852, 2856, 2860, 2864, 3068, 3072, 3076, 3080, 3140, 3144, 3148, 3152]
active
[2808, 2810, 2812, 2814, 2880, 2882, 2884, 2886]
active
[2816, 2820, 2824, 2828, 2888, 2892, 2896, 2900]
active
[2782, 2786, 2790, 2794, 2854, 2858, 2862, 2866, 3070, 3074, 3078, 3082, 3142, 3146, 3150, 3154]
active
[2818, 2822, 2826, 2830, 2890, 2894, 2898, 2902]
active
[2916, 2918, 2920, 2922, 2988, 2990, 2992, 2994, 3204, 3206, 3208, 3210, 3276, 3278, 3280, 3282]
active
[2924, 2928, 2932, 2936, 2996, 3000, 3004, 3008, 3212, 3216, 3220, 3224, 3284, 3288, 3292, 3296]
active
[2952, 2954, 2956, 2958, 3024, 3026, 3028, 3030]
active
[2960, 2964, 2968, 2972, 3032, 3036, 3040, 3044]
active
[2926, 2930, 2934, 2938, 2998, 3002, 3006, 3010, 3214, 3218, 3222, 3226, 3286, 3290, 3294, 3298]
active
[2962, 2966, 2970, 2974, 3034, 3038, 3042, 3046]
active
[3096, 3098, 3100, 3102, 3168, 3170, 3172, 3174]
active
[3104, 3108, 3112, 3116, 3176, 3180, 3184, 3188]
active
[3106, 3110, 3114, 3118, 3178, 3182, 3186, 3190]
active
[3240, 3242, 3244, 3246, 3312, 3314, 3316, 3318]
active
[3248, 3252, 3256, 3260, 3320, 3324, 3328, 3332]
active
[3250, 3254, 3258, 3262, 3322, 3326, 3330, 3334]
active
[280]
inactive
[281]
inactive
[282]
inactive
[283]
inactive
[2179]
inactive
[197]
inactive
[198]
inactive
[199]
inactive
[204]
inactive
[205]
inactive
[206]
inactive
[207]
inactive
[208]
inactive
[209]
inactive
[210]
inactive
[211]
inactive
[1453]
inactive
[1458]
inactive
[1463]
inactive
[1472]
inactive
[310]
inactive
[311]
inactive
[314]
inactive
[315]
inactive
[302]
inactive
[303]
inactive
[306]
inactive
[1927]
inactive
[307]
inactive
[589]
inactive
[578]
inactive
[1902]
inactive
