perm 12
length 7
union find
0 0 0 0 4 4 4 4 0 0 10 11 4 4 14 15 0 0 0 0 4 21 4 4 0 0 10 11 4 29 14 15 0 0 34 35 4 4 4 4 0 0 42 43 4 4 14 15 0 0 34 35 4 21 4 4 0 0 42 43 4 29 14 15 64 64 64 64 68 68 70 70 64 64 74 75 76 76 78 79 64 81 64 83 84 85 86 87 64 64 74 75 92 93 78 79 64 64 98 99 76 76 102 102 64 64 106 107 76 76 78 79 64 113 114 115 92 117 118 119 64 64 106 107 92 93 78 79 0 0 0 0 4 4 4 4 136 137 138 139 140 141 142 143 0 0 0 0 4 149 4 4 136 137 138 139 156 157 142 143 160 161 162 163 164 165 164 165 168 169 170 171 172 173 174 175 160 177 162 179 164 181 164 183 168 185 186 187 172 189 190 191 64 64 64 64 70 70 70 70 64 64 74 75 204 204 78 79 64 81 64 83 86 213 86 87 64 64 74 75 220 221 78 79 224 225 226 227 228 228 228 228 224 225 234 235 228 228 238 239 224 241 226 243 228 245 228 247 224 249 250 251 228 253 254 255 0 0 0 0 4 4 4 4 0 0 266 267 4 4 270 271 0 273 0 275 276 277 276 279 0 281 282 283 284 285 286 287 0 0 290 291 4 4 4 4 0 0 298 299 4 4 270 271 0 305 290 307 4 309 4 311 0 313 314 315 4 317 318 319 64 64 64 64 68 68 70 70 64 64 330 331 76 76 78 79 336 337 338 339 340 341 342 343 336 345 346 347 348 349 350 351 64 64 354 355 76 76 102 102 64 64 362 363 76 76 78 79 368 369 370 371 372 373 374 375 368 377 378 379 372 381 382 383 0 0 0 0 4 4 4 4 392 393 394 395 396 397 398 399 0 401 0 403 404 405 404 407 392 409 410 411 412 413 414 415 416 417 418 419 420 421 420 421 424 425 426 427 428 429 430 431 416 433 418 435 420 437 420 439 424 441 442 443 428 445 446 447 64 64 64 64 70 70 70 70 64 64 330 331 204 204 78 79 64 465 64 467 468 469 468 471 64 473 474 475 476 477 478 479 480 481 482 483 484 484 484 484 480 481 490 491 484 484 494 495 480 497 482 499 484 501 484 503 480 505 506 507 484 509 510 511
classes
511
447
503
439
507
443
499
435
509
501
445
437
505
497
441
433
383
379
319
315
375
371
311
307
381
373
317
309
377
369
313
305
479
475
415
411
471
467
407
403
477
413
469
405
473
465
409
401
351
347
287
283
343
339
279
275
349
285
341
277
345
337
281
273
510
506
446
442
420
430
428
426
418
424
416
480
490
482
495
491
431
427
494
481
484
483
425
417
429
421
419
382
378
478
414
350
346
474
410
282
286
318
314
368
372
374
370
476
412
468
404
348
342
340
255
251
191
187
247
243
253
245
249
241
185
177
183
179
189
181
254
250
190
186
168
160
164
162
172
174
170
224
234
226
239
235
175
171
238
225
228
227
169
161
163
173
165
143
139
15
43
11
107
75
331
79
363
399
395
267
271
299
78
362
330
106
74
398
270
142
14
394
298
266
138
42
10
119
115
87
83
397
396
157
141
156
140
29
4 21 149 276 284
0 34 35 136 137 290 291 392 393
86
84
70
68
64 81 113 336 338
221
213
85
93
117
114
204
118 220
354
98
92
76
102
355
99
